  7.6559478e-001  2.1562982e+000
  8.5651227e-001  2.8937500e+000
  1.2526751e-001  1.4960080e-001
 -3.9402863e-001 -1.9338045e-001
  5.4029363e-001  1.7744146e+000
  1.4440395e-002 -1.1368439e-001
  2.2517032e-001  7.7188407e-001
  3.7315284e-001  1.3134970e+000
 -8.3218912e-001  4.8491068e+000
  4.2821550e-001  1.4207003e+000
 -4.0324206e-001  7.1482306e-002
 -5.3361724e-001  7.6205126e-001
 -3.6511169e-001  1.1849002e-001
 -4.3596337e-001 -4.6109690e-003
 -4.9887254e-001  3.5666455e-001
 -7.5291071e-001  3.5211119e+000
  3.3628825e-001  1.1305808e+000
 -4.4321848e-001  1.2504530e-001
 -5.0486333e-001  7.8442182e-001
  1.3753495e-001  1.4688890e-001
 -8.9730454e-001  6.4671531e+000
  6.4633175e-001  2.0697681e+000
 -9.2610911e-001  7.1011513e+000
 -4.6565856e-001  1.2268265e-001
 -3.9562026e-001 -1.4391543e-001
  3.2460908e-001  1.1529654e+000
  2.5151495e-001  9.4453048e-001
  4.2468134e-001  1.0488522e+000
 -4.4833083e-001  8.6307753e-002
  9.9216963e-001  3.3748135e+000
 -3.9910742e-001  2.4164930e-001
  2.5307298e-003  2.4575039e-001
 -7.3535527e-001  3.2040483e+000
  7.9511980e-001  2.7149597e+000
 -5.2411700e-001  6.2020344e-001
 -8.6581979e-001  5.6294840e+000
 -2.6875227e-001 -2.4882171e-001
  9.7801113e-001  3.2793163e+000
 -5.7595089e-001  1.0074820e+000
 -4.2493073e-001  2.8935421e-001
  9.1786279e-003  1.9512078e-001
  2.6113667e-001  8.4224223e-001
 -2.1363340e-001 -1.8983234e-001
  3.5992104e-001  9.7066629e-001
 -7.3993294e-001  3.0313649e+000
 -8.5952363e-001  5.4413794e+000
 -9.0923266e-001  6.9524537e+000
  1.0785592e-001  2.0902258e-001
  7.8163237e-001  2.5018480e+000
  1.7158747e-001  6.2150216e-001
  6.3091885e-002  2.7968868e-001
  2.8808036e-001  9.7333306e-001
 -1.8498666e-001 -5.1242462e-001
 -4.7725062e-001  2.3476956e-001
  2.1842056e-001  6.1450156e-001
  2.6557261e-001  9.8202413e-001
  5.1854528e-001  1.6142215e+000
 -5.3221184e-001  5.2324830e-001
 -4.2254932e-001  2.4017059e-001
 -9.5460433e-001  8.2961310e+000
 -4.1712569e-001  7.4486177e-002
 -2.9183477e-001 -4.9620977e-001
  2.9926062e-001  1.1290914e+000
  2.1520340e-001  4.9230857e-001
  5.1233585e-001  1.7730835e+000
  7.6872710e-001  2.3721516e+000
  7.9100538e-001  2.2575359e+000
 -8.4384780e-001  5.0535889e+000
  5.1742272e-002  6.6523618e-002
 -9.0970915e-001  6.8880686e+000
  5.9322522e-001  1.7665408e+000
 -3.7033778e-001 -3.4517987e-001
 -5.2898532e-001  8.2873905e-001
 -4.6512486e-001  2.2445266e-001
 -7.1523235e-001  2.9016225e+000
 -6.1229584e-001  1.3164470e+000
  6.6677112e-001  2.1201699e+000
  4.9020853e-001  1.4651916e+000
  4.8770908e-001  1.5835421e+000
 -4.6811536e-001  1.5800004e-001
 -7.7316335e-001  3.9984141e+000
 -9.0203857e-001  6.5070499e+000
 -4.4776084e-001  9.2752704e-003
  3.1471932e-001  1.0720310e+000
  2.5340197e-001  9.4039703e-001
  1.4821604e-001  2.8563796e-001
 -5.9928331e-001  1.3937152e+000
 -1.8125191e-001 -5.0198239e-001
 -4.3137256e-001  1.5258578e-002
  6.6816541e-001  2.2372343e+000
  5.1470336e-001  1.6720512e+000
  7.3181577e-001  2.2660419e+000
 -1.6613066e-001 -3.5151178e-001
  4.8502704e-001  1.3432027e+000
 -8.6012903e-001  5.4946616e+000
  9.1690788e-001  3.0998397e+000
  3.7438149e-001  1.0819364e+000
 -4.7993907e-001  5.4856018e-001
  4.7125155e-001  1.4555150e+000
 -4.2763210e-002 -2.9478525e-001
  7.4274986e-001  2.0832868e+000
 -3.5489467e-001  8.0513486e-002
  1.2204657e-001  3.9010476e-001
 -5.0829993e-001  8.1586033e-001
 -7.3102318e-001  3.0619901e+000
 -5.2477697e-001  9.2956927e-001
 -2.7265414e-001 -2.4355359e-001
  3.7617702e-001  1.0058892e+000
 -9.2196098e-001  7.0243593e+000
  3.7746797e-001  9.5898083e-001
 -4.7836464e-001  4.9875323e-001
  7.1317866e-001  2.0295813e+000
  9.2228534e-002  8.8894282e-002
 -7.9002579e-002 -2.1792596e-001
 -6.9466812e-001  2.4341982e+000
 -4.8842290e-001  4.1852586e-001
 -2.1670839e-001 -5.0047466e-001
  9.2921302e-001  2.8566619e+000
  3.8847767e-002  1.6859777e-001
 -7.5823229e-001  3.6786669e+000
  8.2978937e-001  2.5536720e+000
 -8.6785357e-002 -2.7634326e-001
  8.0936553e-001  2.7409713e+000
 -4.1619948e-001  1.7833317e-001
  5.6437767e-001  1.6892998e+000
 -8.8818615e-001  6.1614935e+000
 -5.7391241e-001  8.7379402e-001
  5.5308809e-001  1.9225186e+000
  3.9362030e-001  1.1559835e+000
  8.1576543e-001  2.6136058e+000
  2.1776546e-001  6.3604831e-001
  8.9113574e-002  4.3428658e-001
  5.0623549e-001  1.3963002e+000
  7.5451821e-001  2.1458236e+000
  7.8754722e-001  2.2421497e+000
  7.1166290e-001  1.9792465e+000
  3.6648856e-001  1.1998167e+000
 -1.8477109e-001 -3.0450738e-001
 -9.0428942e-001  6.9501020e+000
 -5.2314452e-001  6.3178607e-001
 -9.7208163e-001  8.8802521e+000
 -2.3660013e-001 -1.9503103e-001
  8.1424593e-001  2.7811476e+000
 -3.9280874e-001 -3.3193355e-002
  7.3465981e-001  2.2491668e+000
 -7.0565464e-001  2.6838003e+000
 -3.8017480e-001 -5.3475001e-002
 -1.6351195e-001 -2.9326902e-001
 -5.7964860e-001  1.3809451e+000
  5.3490974e-001  1.8215494e+000
 -5.1490855e-001  5.1903431e-001
  7.7228252e-001  2.5204674e+000
 -4.0491372e-001  1.9851054e-001
 -6.1864409e-001  1.4548258e+000
  4.4823897e-001  1.1984479e+000
  9.1362074e-001  2.7417981e+000
  8.0293406e-001  2.6428989e+000
  4.0116890e-001  1.2369798e+000
  6.2694411e-001  1.9097436e+000
  7.3284939e-001  2.4220061e+000
  7.7642631e-001  2.2841445e+000
 -5.3909740e-001  7.0193076e-001
  2.5295107e-001  8.5767764e-001
 -5.1211548e-001  5.7645977e-001
 -1.1463975e-001 -2.7037864e-001
  5.6557117e-001  1.6155345e+000
  4.3165867e-001  1.3578676e+000
 -5.1073319e-001  7.4097305e-001
  4.7566458e-001  1.2321749e+000
  8.1562374e-001  2.3893870e+000
  6.8446496e-001  2.1123284e+000
  9.4293244e-001  3.2790283e+000
 -7.1428102e-001  2.7152675e+000
  7.1382399e-001  2.1039667e+000
  5.2410357e-001  1.3919231e+000
  5.2052310e-001  1.3785747e+000
 -8.1163762e-002 -1.3042140e-001
 -2.3183196e-001 -1.3258785e-001
 -7.8514264e-001  3.9537476e+000
 -8.9056382e-002 -2.5924959e-001
 -7.0550696e-001  2.4463168e+000
 -4.1281690e-001 -2.0289485e-003
 -2.3916502e-001 -1.1616389e-001
  8.4909296e-001  2.4533936e+000
 -6.1306423e-001  1.3257561e+000
  3.1010108e-001  1.0918423e+000
 -2.1154261e-001 -5.4498712e-001
 -6.1302793e-001  1.4730197e+000
 -9.3652929e-001  7.7930713e+000
  6.0364456e-001  2.0594096e+000
 -3.7334935e-001 -8.3473215e-002
  4.9388472e-001  1.6838436e+000
  1.8126855e-001  5.4786052e-001
 -4.0714268e-001  1.6678869e-001
  6.3100648e-001  1.8520021e+000
  7.8502502e-001  2.2587526e+000
  1.7916554e-001  6.0474925e-001
  6.3037697e-001  2.0645239e+000
  1.1025554e-001  2.4626582e-001
  6.2914801e-001  1.8630506e+000
