 -7.0264319e-004  1.2488002e-002
  8.7441070e-003  2.7591239e-003
  3.7483621e-003 -1.8513223e-002
 -4.7430232e-003  4.3705863e-004
 -2.0348902e-003  1.3980933e-002
  1.0441031e-002  2.4796182e-002
  1.8490127e-003  1.1775663e-002
  6.6195079e-003 -2.3660723e-002
  7.9781164e-003  2.2958700e-002
 -8.0592711e-003  3.3269234e-003
  7.6095473e-001 -6.7036217e-004
  7.4864856e-001 -1.8096678e-002
  7.5825126e-001  3.0991181e-002
  7.4450914e-001  9.8906871e-002
  7.5397447e-001  2.4451457e-001
  7.5086186e-001  3.3874070e-001
  7.5713528e-001  4.9518993e-001
  7.4999411e-001  5.6796390e-001
  7.4115063e-001  7.4654325e-001
  7.4652867e-001  8.2456968e-001
  7.4953324e-001  9.6401739e-001
  7.4876210e-001  1.0582862e+000
  7.5724706e-001  1.2010168e+000
  7.5488673e-001  1.2800902e+000
  7.5329250e-001  1.4004567e+000
  7.5922427e-001  1.4521908e+000
  7.4848237e-001  1.5652969e+000
  7.4522780e-001  1.5883129e+000
  7.6332769e-001  1.6681129e+000
  7.6272862e-001  1.7693273e+000
  7.6318555e-001  1.8090592e+000
  7.4164083e-001  1.8453647e+000
  7.6162197e-001  1.8744801e+000
  7.5812496e-001  1.9551861e+000
  7.4511379e-001  1.9502898e+000
  7.5955456e-001  2.0382667e+000
  7.5367778e-001  2.0267554e+000
  7.5458284e-001  2.0631508e+000
  7.4361726e-001  2.0990323e+000
  7.4371375e-001  2.1336760e+000
  7.4071237e-001  2.1361049e+000
  7.5036348e-001  2.1463152e+000
  7.6172825e-001  2.2009971e+000
  7.4340630e-001  2.1701314e+000
  7.5086303e-001  2.2141743e+000
  7.4699409e-001  2.1967567e+000
  7.6170849e-001  2.2153547e+000
  7.3978696e-001  2.2340728e+000
  7.4567434e-001  2.2391671e+000
  7.4303027e-001  2.2397431e+000
  7.3994608e-001  2.2811229e+000
  7.5985821e-001  2.3024358e+000
  7.4147083e-001  2.2809889e+000
  7.4347279e-001  2.3079096e+000
  7.4501154e-001  2.2771546e+000
  7.4024602e-001  2.2909102e+000
  7.4119279e-001  2.3048753e+000
  7.4020483e-001  2.3071260e+000
  7.4757657e-001  2.3204499e+000
  7.5837063e-001  2.2853710e+000
  7.5133513e-001  2.3315730e+000
  7.4845000e-001  2.3269813e+000
  7.5310541e-001  2.3084564e+000
  7.4235523e-001  2.3403979e+000
  7.5689444e-001  2.2979955e+000
  7.5896386e-001  2.3397647e+000
  7.4942485e-001  2.3466746e+000
  7.5943187e-001  2.3118145e+000
  7.5600204e-001  2.3450099e+000
  7.6345596e-001  2.3134324e+000
  7.4734287e-001  2.3032092e+000
  7.4370143e-001  2.3195906e+000
  7.4163597e-001  2.3293895e+000
  7.3971686e-001  2.3579028e+000
  7.6216692e-001  2.3541794e+000
  7.5611407e-001  2.3159067e+000
  7.4325056e-001  2.3547540e+000
  7.5086844e-001  2.3311086e+000
  7.4253655e-001  2.3210178e+000
  9.1558481e-001  2.3403904e+000
  9.2080452e-001  2.3561624e+000
  9.1518962e-001  2.3334832e+000
  9.2474711e-001  2.3612284e+000
  9.2763440e-001  2.4184831e+000
  9.3487173e-001  2.4054325e+000
  9.1233360e-001  2.4800841e+000
  9.2208096e-001  2.4863620e+000
  9.3095042e-001  2.5200432e+000
  9.2214531e-001  2.5905469e+000
  9.2552564e-001  2.5978801e+000
  9.2675966e-001  2.6410306e+000
  9.2963832e-001  2.6533373e+000
  9.1576699e-001  2.6765390e+000
  9.1991722e-001  2.7183948e+000
  9.3097055e-001  2.7536172e+000
  9.3304577e-001  2.7501356e+000
  9.2794532e-001  2.8219254e+000
  9.1311589e-001  2.8029431e+000
  9.1406643e-001  2.8076087e+000
  9.3113575e-001  2.8603178e+000
  9.3450416e-001  2.8754457e+000
  9.1910329e-001  2.8560661e+000
  9.2767014e-001  2.8856804e+000
  9.2285497e-001  2.8987703e+000
  9.1226784e-001  2.9163496e+000
  9.2871133e-001  2.9329548e+000
  9.1702433e-001  2.9039748e+000
  9.3554074e-001  2.9058187e+000
  9.1504951e-001  2.9653560e+000
  9.2272932e-001  2.9336331e+000
  9.1426526e-001  2.9266484e+000
  9.3069310e-001  2.9361096e+000
  9.2306368e-001  2.9724783e+000
  9.2103972e-001  2.9454378e+000
  9.1975710e-001  2.9518701e+000
  9.1503582e-001  2.9825450e+000
  9.2545161e-001  2.9718655e+000
  9.3449238e-001  2.9466405e+000
  9.2770530e-001  2.9527644e+000
  9.1377831e-001  2.9565916e+000
  9.1917148e-001  2.9548437e+000
  9.2530451e-001  2.9684116e+000
  9.3385628e-001  2.9861749e+000
  9.2003782e-001  3.0130391e+000
  9.3353714e-001  2.9830332e+000
  9.1496680e-001  2.9870217e+000
  9.2629021e-001  2.9973461e+000
  9.2530482e-001  3.0015707e+000
  9.3326463e-001  3.0070754e+000
  9.1421617e-001  2.9840636e+000
  9.1631083e-001  2.9787359e+000
  9.2795297e-001  3.0200698e+000
  9.2743070e-001  2.9719249e+000
  9.2518144e-001  2.9780131e+000
  9.3307020e-001  3.0170465e+000
  9.1979091e-001  2.9801617e+000
  9.1268520e-001  2.9772650e+000
  9.1668885e-001  2.9713704e+000
  9.2540341e-001  3.0075475e+000
  9.2789689e-001  2.9793484e+000
  9.2219224e-001  3.0033914e+000
  9.2342207e-001  3.0163223e+000
  9.2927144e-001  2.9763287e+000
  9.2753823e-001  2.9873753e+000
  9.1781701e-001  2.9867711e+000
  9.2563186e-001  2.9760531e+000
  9.2555215e-001  2.9800253e+000
  9.2366638e-001  2.9860100e+000
  5.6024995e-001  3.0254483e+000
  5.5211416e-001  2.9926951e+000
  5.6154824e-001  2.9973809e+000
  5.6140469e-001  2.9542917e+000
  5.4251135e-001  2.8909238e+000
  5.6440598e-001  2.8093082e+000
  5.5415622e-001  2.7500698e+000
  5.5614461e-001  2.6789268e+000
  5.5812128e-001  2.6248720e+000
  5.6423524e-001  2.5392215e+000
  5.5328491e-001  2.4557182e+000
  5.4148510e-001  2.3754172e+000
  5.6234416e-001  2.3358530e+000
  5.5440769e-001  2.3006628e+000
  5.5192245e-001  2.2497850e+000
  5.6144042e-001  2.1769749e+000
  5.6305671e-001  2.1183037e+000
  5.6192735e-001  2.0898723e+000
  5.5094577e-001  2.0591603e+000
  5.4448457e-001  2.0304007e+000
  5.4700023e-001  1.9806655e+000
  5.5504134e-001  1.9944940e+000
  5.5347116e-001  1.9279860e+000
  5.4762937e-001  1.8938777e+000
  5.4955165e-001  1.8721672e+000
  5.4373297e-001  1.8722183e+000
  5.5061930e-001  1.8596413e+000
  5.4873014e-001  1.8550613e+000
  5.5456056e-001  1.8227696e+000
  5.6176540e-001  1.7912367e+000
  5.5385645e-001  1.8247486e+000
  5.6268831e-001  1.7985119e+000
  5.6152156e-001  1.7737136e+000
  5.5069184e-001  1.7640158e+000
  5.4852138e-001  1.7514662e+000
  5.5522095e-001  1.7620194e+000
  5.5877274e-001  1.7718948e+000
  5.6227994e-001  1.7440708e+000
  5.6344376e-001  1.7271336e+000
  5.5483316e-001  1.7686487e+000
  5.4743776e-001  1.7408320e+000
  5.4521831e-001  1.7574609e+000
  5.4825061e-001  1.7405385e+000
  5.5999901e-001  1.7177837e+000
  5.5624834e-001  1.7164032e+000
  5.5372732e-001  1.7230943e+000
  5.4499322e-001  1.7128189e+000
  5.6287182e-001  1.7270693e+000
  5.6344011e-001  1.6979840e+000
  5.4914151e-001  1.7092211e+000
  5.5457849e-001  1.7137724e+000
  5.4902244e-001  1.7209864e+000
  5.5999797e-001  1.7114927e+000
  5.4445851e-001  1.6898289e+000
  5.5276016e-001  1.6962237e+000
  5.4665368e-001  1.6994444e+000
  5.4111369e-001  1.6847529e+000
  5.5755362e-001  1.7343998e+000
  5.4440942e-001  1.7292780e+000
  5.4912210e-001  1.7004977e+000
  5.6161839e-001  1.6775316e+000
  5.4644700e-001  1.7291145e+000
  5.5561835e-001  1.7018631e+000
  5.4617533e-001  1.7032027e+000
  5.5376210e-001  1.7104024e+000
  5.5113235e-001  1.6753137e+000
  5.5467924e-001  1.7069428e+000
  5.5237027e-001  1.6963351e+000
  5.4319978e-001  1.7197812e+000
  6.2892998e-001  1.7135991e+000
  6.3247401e-001  1.7076515e+000
  6.1799268e-001  1.7229664e+000
  6.2270955e-001  1.7093145e+000
  6.2997892e-001  1.7445432e+000
  6.3463287e-001  1.7604177e+000
  6.2316164e-001  1.7416512e+000
  6.2607514e-001  1.7755190e+000
  6.1574911e-001  1.7616030e+000
  6.2397665e-001  1.7913957e+000
  6.2891898e-001  1.7800724e+000
  6.1974929e-001  1.7876006e+000
  6.2101356e-001  1.8289668e+000
  6.2148725e-001  1.8071812e+000
  6.2389071e-001  1.8470480e+000
  6.3013471e-001  1.8434291e+000
  6.3466187e-001  1.8175259e+000
  6.1396393e-001  1.8309032e+000
  6.2383606e-001  1.8420544e+000
  6.3062653e-001  1.8772958e+000
  6.1510011e-001  1.8470649e+000
  6.2404064e-001  1.8884445e+000
  6.2482360e-001  1.8675752e+000
  6.1901214e-001  1.8554598e+000
  6.2596205e-001  1.8943832e+000
  6.3505834e-001  1.8635722e+000
  6.2441735e-001  1.9071612e+000
  6.1233186e-001  1.8672974e+000
  6.3098493e-001  1.8976415e+000
  6.2511125e-001  1.8797326e+000
  6.2337347e-001  1.8949366e+000
  6.1877913e-001  1.8944527e+000
  6.1831309e-001  1.8985385e+000
  6.1883237e-001  1.9311247e+000
  6.1603026e-001  1.9373618e+000
  6.2696663e-001  1.9089077e+000
  6.2714676e-001  1.9376830e+000
  6.1942097e-001  1.8944459e+000
  6.2888667e-001  1.8858035e+000
  6.2153619e-001  1.9359322e+000
  6.1978929e-001  1.8873734e+000
  6.1210855e-001  1.9336763e+000
  6.2080788e-001  1.9194743e+000
  6.3141951e-001  1.9243672e+000
  6.3036242e-001  1.9341137e+000
  6.1253443e-001  1.8908203e+000
  6.1433396e-001  1.9382699e+000
  6.2662853e-001  1.9383217e+000
  6.3344146e-001  1.9128801e+000
  6.1610639e-001  1.9154423e+000
  6.1923082e-001  1.9303790e+000
  6.1673569e-001  1.8935589e+000
  6.1197276e-001  1.8911942e+000
  6.2636768e-001  1.9311624e+000
  6.1320305e-001  1.9104148e+000
  6.3537019e-001  1.9021387e+000
  6.2908214e-001  1.9197709e+000
  6.2842886e-001  1.8994374e+000
  6.2017562e-001  1.9092362e+000
  6.1955029e-001  1.9475764e+000
  6.1789831e-001  1.9397087e+000
  6.2594199e-001  1.9247057e+000
  6.1621167e-001  1.9192215e+000
  6.2148250e-001  1.9249434e+000
  6.1209477e-001  1.9084794e+000
  6.2475263e-001  1.9413852e+000
  6.1874154e-001  1.9336166e+000
  6.2777859e-001  1.9342279e+000
  6.2244906e-001  1.9325012e+000
 -6.0709476e-001  1.8927630e+000
 -5.9639447e-001  1.9301706e+000
 -6.1360616e-001  1.8874513e+000
 -6.1262784e-001  1.8970652e+000
 -5.9909476e-001  1.8756375e+000
 -6.0115980e-001  1.8520159e+000
 -6.0747015e-001  1.8341578e+000
 -6.0472122e-001  1.7682930e+000
 -5.9663352e-001  1.7657893e+000
 -6.1259474e-001  1.7302218e+000
 -6.0485725e-001  1.7102964e+000
 -6.1513417e-001  1.6712267e+000
 -6.0827301e-001  1.6380854e+000
 -5.9861620e-001  1.6145256e+000
 -6.1418449e-001  1.6291185e+000
 -6.0086694e-001  1.6026663e+000
 -5.9389846e-001  1.5630356e+000
 -6.0912079e-001  1.5846615e+000
 -5.9305192e-001  1.5419132e+000
 -6.0775785e-001  1.5450256e+000
 -5.9574718e-001  1.5210792e+000
 -6.0299001e-001  1.5239477e+000
 -5.9769170e-001  1.4989763e+000
 -6.0868977e-001  1.4834481e+000
 -6.0092651e-001  1.4564864e+000
 -6.1104685e-001  1.4339544e+000
 -6.0987083e-001  1.4682342e+000
 -5.9188629e-001  1.4563119e+000
 -5.9979299e-001  1.4700506e+000
 -6.0805243e-001  1.4410430e+000
 -6.1099194e-001  1.4315241e+000
 -6.1203551e-001  1.4072566e+000
 -5.9737235e-001  1.4184832e+000
 -6.0288329e-001  1.4063299e+000
 -6.0245567e-001  1.4022425e+000
 -5.9265691e-001  1.4454378e+000
 -6.1360116e-001  1.3878391e+000
 -6.0451744e-001  1.4189389e+000
 -6.0336451e-001  1.4307818e+000
 -5.9459375e-001  1.4286050e+000
 -6.1096799e-001  1.3903952e+000
 -6.0385634e-001  1.4072806e+000
 -5.9586467e-001  1.3994396e+000
 -6.1528911e-001  1.4193519e+000
 -6.0659448e-001  1.4012703e+000
 -5.9956176e-001  1.3707176e+000
 -5.9802735e-001  1.3747898e+000
 -6.0159197e-001  1.3882917e+000
 -5.9839175e-001  1.3899077e+000
 -5.9271418e-001  1.3721828e+000
 -6.0293616e-001  1.3997129e+000
 -6.0947653e-001  1.3646916e+000
 -6.0833274e-001  1.4025913e+000
 -6.1147872e-001  1.3981106e+000
 -5.9211514e-001  1.4127585e+000
 -5.9235767e-001  1.4083596e+000
 -6.1125404e-001  1.3969474e+000
 -6.1424039e-001  1.3840510e+000
 -6.0588808e-001  1.4106128e+000
 -5.9457579e-001  1.3617908e+000
 -6.1175851e-001  1.3686511e+000
 -5.9780322e-001  1.3821179e+000
 -6.1070783e-001  1.4160759e+000
 -6.0005760e-001  1.4071300e+000
 -5.9504351e-001  1.4088611e+000
 -6.0010757e-001  1.4050555e+000
 -6.1174286e-001  1.3668985e+000
 -6.0482630e-001  1.3910616e+000
 -6.1144211e-001  1.3852347e+000
  1.6199494e-001  1.3721143e+000
  1.4811819e-001  1.3690123e+000
  1.5460323e-001  1.3630857e+000
  1.5005816e-001  1.3240553e+000
  1.6243471e-001  1.2805854e+000
  1.4567745e-001  1.2482557e+000
  1.5844147e-001  1.1846103e+000
  1.5508079e-001  1.1385499e+000
  1.6186474e-001  1.1051911e+000
  1.4923456e-001  1.0623922e+000
  1.6697375e-001  1.0057624e+000
  1.6601421e-001  9.6121597e-001
  1.6176499e-001  9.0372252e-001
  1.6322027e-001  8.9024016e-001
  1.6580665e-001  8.4165129e-001
  1.6552110e-001  7.9787614e-001
  1.6573158e-001  7.3505944e-001
  1.4550016e-001  7.5864687e-001
  1.6494242e-001  7.3137094e-001
  1.5381727e-001  6.8821370e-001
  1.4700541e-001  6.6024828e-001
  1.5263395e-001  6.5362749e-001
  1.6477198e-001  6.3834186e-001
  1.5807108e-001  5.7402580e-001
  1.6554663e-001  5.5620890e-001
  1.4424620e-001  5.8663057e-001
  1.4525852e-001  5.6575566e-001
  1.6127482e-001  5.5589504e-001
  1.5799502e-001  5.1862424e-001
  1.5166073e-001  5.0411236e-001
  1.5338486e-001  5.2407705e-001
  1.5136982e-001  5.3549633e-001
  1.5216042e-001  5.1257936e-001
  1.4531342e-001  4.9572170e-001
  1.4557138e-001  5.1147087e-001
  1.6090679e-001  4.5832138e-001
  1.6203592e-001  4.6167346e-001
  1.5510148e-001  4.7120440e-001
  1.4392831e-001  4.6199210e-001
  1.6380706e-001  4.3483811e-001
  1.6677661e-001  4.3558069e-001
  1.5448283e-001  4.5865166e-001
  1.6305195e-001  4.7552683e-001
  1.4782137e-001  4.5500215e-001
  1.5637397e-001  4.4417456e-001
  1.5864401e-001  4.3601190e-001
  1.4699861e-001  4.3767109e-001
  1.5712095e-001  4.2820785e-001
  1.6481489e-001  4.2072985e-001
  1.4750432e-001  4.6291928e-001
  1.4392308e-001  4.5947489e-001
  1.5983025e-001  4.2437191e-001
  1.4389320e-001  4.4820364e-001
  1.6001308e-001  4.6502532e-001
  1.5596447e-001  4.4123059e-001
  1.4648835e-001  4.4600458e-001
  1.5685617e-001  4.2339076e-001
  1.6216843e-001  4.3459391e-001
  1.4385572e-001  4.4013442e-001
  1.6413481e-001  4.5911628e-001
  1.6248382e-001  4.5832419e-001
  1.5456322e-001  4.4254574e-001
  1.5112966e-001  4.4293978e-001
  1.4690068e-001  4.5794751e-001
  1.4616330e-001  4.3452771e-001
  1.5496787e-001  4.0666746e-001
  1.6090882e-001  4.6375957e-001
  1.6468937e-001  4.1498014e-001
  1.4724969e-001  4.4328904e-001
  5.4554744e-001  4.3088404e-001
  5.3478930e-001  4.4753136e-001
  5.5350582e-001  4.8890153e-001
  5.4461471e-001  4.8331415e-001
  5.3627046e-001  5.8195081e-001
  5.4680330e-001  6.1471974e-001
  5.5769971e-001  6.8870708e-001
  5.5033770e-001  7.4931157e-001
  5.4084129e-001  7.9977497e-001
  5.4771008e-001  9.1057746e-001
  5.5234515e-001  9.4398947e-001
  5.4027283e-001  9.7903661e-001
  5.3638630e-001  1.0858527e+000
  5.4213587e-001  1.1149063e+000
  5.5014586e-001  1.1387337e+000
  5.4001187e-001  1.2004269e+000
  5.4775073e-001  1.2474036e+000
  5.5614108e-001  1.3142490e+000
  5.3885499e-001  1.3364616e+000
  5.5179759e-001  1.3600456e+000
  5.4849162e-001  1.3792942e+000
  5.4232886e-001  1.4172700e+000
  5.3804879e-001  1.4137235e+000
  5.4656544e-001  1.4589666e+000
  5.4440716e-001  1.4773998e+000
  5.5107731e-001  1.5064291e+000
  5.5492222e-001  1.4935748e+000
  5.5339711e-001  1.5416254e+000
  5.4387381e-001  1.5738199e+000
  5.5340474e-001  1.5572884e+000
  5.4914663e-001  1.5481946e+000
  5.5714613e-001  1.5770330e+000
  5.5342542e-001  1.6132451e+000
  5.5426970e-001  1.6208397e+000
  5.4614289e-001  1.6276798e+000
  5.4997648e-001  1.6463144e+000
  5.5499957e-001  1.6046064e+000
  5.5374455e-001  1.6517273e+000
  5.3760098e-001  1.6373609e+000
  5.4306461e-001  1.6353869e+000
  5.4931821e-001  1.6346798e+000
  5.5565819e-001  1.6648014e+000
  5.5206415e-001  1.6542820e+000
  5.4304347e-001  1.6683651e+000
  5.4116838e-001  1.6655115e+000
  5.5162245e-001  1.6650587e+000
  5.3467073e-001  1.6689188e+000
  5.4458513e-001  1.6450555e+000
  5.4301323e-001  1.6469715e+000
  5.4510159e-001  1.6561430e+000
  5.5758932e-001  1.6874958e+000
  5.4190592e-001  1.6624663e+000
  5.3999204e-001  1.6988250e+000
  5.5280733e-001  1.6916980e+000
  5.3504678e-001  1.6952127e+000
  5.5317149e-001  1.6750052e+000
  5.5546918e-001  1.6744920e+000
  5.5139428e-001  1.6936596e+000
  5.5409612e-001  1.6572306e+000
  5.4429644e-001  1.6512428e+000
  5.4617543e-001  1.6473117e+000
  5.4069049e-001  1.6684540e+000
  5.5666403e-001  1.6736168e+000
  5.5038520e-001  1.6743441e+000
  5.5232554e-001  1.6474719e+000
  5.5635728e-001  1.6473872e+000
  5.4410718e-001  1.6629426e+000
  5.4056807e-001  1.6893135e+000
  5.4567976e-001  1.6869150e+000
  4.1373790e-001  1.6633904e+000
  4.0628939e-001  1.6516335e+000
  3.9994501e-001  1.6447726e+000
  4.0347632e-001  1.6307381e+000
  4.0175736e-001  1.6264079e+000
  4.0651606e-001  1.5903599e+000
  4.1427165e-001  1.5863626e+000
  4.0938028e-001  1.5693394e+000
  4.1587997e-001  1.5378981e+000
  4.0440656e-001  1.5111438e+000
  4.1131571e-001  1.4882186e+000
  4.0345544e-001  1.4994629e+000
  4.1484483e-001  1.4594419e+000
  4.0306285e-001  1.4676744e+000
  4.1028582e-001  1.4273935e+000
  4.0782875e-001  1.4377151e+000
  4.0129356e-001  1.3803162e+000
  4.0567675e-001  1.3575154e+000
  4.1169016e-001  1.3442404e+000
  4.1794766e-001  1.3661442e+000
  4.0290882e-001  1.3434452e+000
  3.9841334e-001  1.3592038e+000
  4.1911488e-001  1.3219308e+000
  3.9937444e-001  1.3077702e+000
  4.1419979e-001  1.3230306e+000
  4.1522309e-001  1.3355857e+000
  4.1575725e-001  1.2812703e+000
  4.0000040e-001  1.3019652e+000
  4.0516984e-001  1.2850603e+000
  4.1550109e-001  1.3128279e+000
  4.2080174e-001  1.2647398e+000
  4.1092258e-001  1.2592213e+000
  4.1330021e-001  1.2655123e+000
  4.1331948e-001  1.2939216e+000
  3.9785889e-001  1.2736799e+000
  4.1640156e-001  1.2460316e+000
  4.2012330e-001  1.2668502e+000
  4.1112212e-001  1.2701406e+000
  4.0542547e-001  1.2363528e+000
  3.9955497e-001  1.2409849e+000
  4.0751821e-001  1.2749908e+000
  4.1960628e-001  1.2581875e+000
  4.0295916e-001  1.2516778e+000
  4.1218793e-001  1.2401599e+000
  4.0042934e-001  1.2509804e+000
  4.0950402e-001  1.2802329e+000
  4.0318279e-001  1.2252745e+000
  4.1789616e-001  1.2427458e+000
  4.1285695e-001  1.2711597e+000
  4.1009249e-001  1.2294658e+000
  4.0644945e-001  1.2349341e+000
  4.1242779e-001  1.2439080e+000
  4.0460044e-001  1.2453988e+000
  4.0019005e-001  1.2561070e+000
  4.1457888e-001  1.2605521e+000
  4.1494182e-001  1.2783190e+000
  4.1553766e-001  1.2613702e+000
  3.9784557e-001  1.2710153e+000
  4.0498221e-001  1.2318942e+000
  4.1833504e-001  1.2753255e+000
  4.1516959e-001  1.2484505e+000
  4.0746403e-001  1.2708663e+000
  4.0675863e-001  1.2555160e+000
  4.1631416e-001  1.2624323e+000
  4.0577421e-001  1.2449063e+000
  4.1056689e-001  1.2610186e+000
  3.9879379e-001  1.2449204e+000
  4.1231434e-001  1.2294359e+000
  4.0201951e-001  1.2698191e+000
 -8.0306235e-002  1.2306662e+000
 -6.4777371e-002  1.2187397e+000
 -7.5021838e-002  1.1910024e+000
 -7.6731146e-002  1.1984703e+000
 -6.9912638e-002  1.1166089e+000
 -8.5191200e-002  1.0203540e+000
 -8.2589734e-002  9.8420722e-001
 -7.1231603e-002  8.8182117e-001
 -7.5360378e-002  8.4256329e-001
 -8.3804680e-002  7.2886347e-001
 -8.8407542e-002  6.8847994e-001
 -7.9619287e-002  6.3060122e-001
 -6.4975565e-002  5.5577932e-001
 -6.7715297e-002  4.5395148e-001
 -8.3681567e-002  4.0969585e-001
 -8.7056727e-002  3.5818145e-001
 -7.1612919e-002  3.2192604e-001
 -6.4944080e-002  3.0273238e-001
 -8.2808322e-002  2.5863494e-001
 -8.1066893e-002  2.2005139e-001
 -7.1119037e-002  1.5262987e-001
 -8.8249039e-002  1.2377707e-001
 -6.6411556e-002  1.1783803e-001
 -6.8313101e-002  8.4364883e-002
 -7.3542893e-002  5.3981942e-002
 -6.5365144e-002  8.4372397e-003
 -7.4196025e-002 -2.0647144e-003
 -6.5990437e-002 -7.0839046e-003
 -6.8720270e-002 -1.3278717e-003
 -6.5325049e-002 -4.9464502e-002
 -6.9775611e-002 -4.9070836e-002
 -6.6722429e-002 -6.2034084e-002
 -7.8344773e-002 -5.6330147e-002
 -7.5696840e-002 -6.4359773e-002
 -7.0919274e-002 -7.0391106e-002
 -8.6152960e-002 -7.2604205e-002
 -7.2157136e-002 -1.2222198e-001
 -7.2687881e-002 -8.4532436e-002
 -7.2351906e-002 -9.8645484e-002
 -7.5819044e-002 -9.3753942e-002
 -8.7494176e-002 -1.1329386e-001
 -7.9053617e-002 -9.4601569e-002
 -8.5738465e-002 -1.4726274e-001
 -8.6939149e-002 -1.3793674e-001
 -8.5325774e-002 -1.2883038e-001
 -8.5822036e-002 -1.4348548e-001
 -8.7969693e-002 -1.3925226e-001
 -8.5304019e-002 -1.7017956e-001
 -7.6662210e-002 -1.2138664e-001
 -8.8186257e-002 -1.2884266e-001
 -8.5343971e-002 -1.6467128e-001
 -6.9972980e-002 -1.6246497e-001
 -8.3415062e-002 -1.6825653e-001
 -7.5743772e-002 -1.4820078e-001
 -7.9053599e-002 -1.4686728e-001
 -8.7871045e-002 -1.3779526e-001
 -7.4603871e-002 -1.7234657e-001
 -6.8225488e-002 -1.3638877e-001
 -8.7132224e-002 -1.3549924e-001
 -6.7735546e-002 -1.8287243e-001
 -8.5677383e-002 -1.3024367e-001
 -8.6981917e-002 -1.8055618e-001
 -7.0371809e-002 -1.7129870e-001
 -7.1051283e-002 -1.7981975e-001
 -8.2613405e-002 -1.6490760e-001
 -8.1478427e-002 -1.6740182e-001
 -8.2738653e-002 -1.5107599e-001
 -7.4813154e-002 -1.7731133e-001
 -6.7935804e-002 -1.5922649e-001
 -4.7494306e-001 -1.5560276e-001
 -4.7892862e-001 -1.6908897e-001
 -4.8684817e-001 -1.6961775e-001
 -4.9084963e-001 -1.4755235e-001
 -4.8177736e-001 -7.6653822e-002
 -4.9607226e-001 -9.2430532e-002
 -4.8537856e-001 -4.9671893e-002
 -4.7257953e-001 -3.8703637e-002
 -4.7676738e-001  3.0516491e-002
 -4.9613278e-001  5.7308317e-002
 -4.8912782e-001  9.9620260e-002
 -4.8899266e-001  1.0492333e-001
 -4.8061542e-001  1.3927126e-001
 -4.9532288e-001  1.7754020e-001
 -4.9456242e-001  1.8738555e-001
 -4.8195456e-001  1.6838976e-001
 -4.7861446e-001  2.1054415e-001
 -4.7452623e-001  2.5698823e-001
 -4.8779006e-001  2.4430891e-001
 -4.8306235e-001  2.5785518e-001
 -4.9085639e-001  2.8968142e-001
 -4.7757584e-001  2.6681939e-001
 -4.8768959e-001  3.1956089e-001
 -4.7517709e-001  3.4225108e-001
 -4.7988470e-001  3.1153111e-001
 -4.9005202e-001  3.1296668e-001
 -4.9098809e-001  3.6600522e-001
 -4.8427408e-001  3.6516490e-001
 -4.9220508e-001  3.7318443e-001
 -4.9267709e-001  3.4092138e-001
 -4.8632344e-001  3.9600152e-001
 -4.9231356e-001  3.9783436e-001
 -4.9073821e-001  3.9759768e-001
 -4.9057755e-001  3.6751050e-001
 -4.8010888e-001  3.5720246e-001
 -4.9371828e-001  4.0270877e-001
 -4.8401221e-001  3.8611133e-001
 -4.8500653e-001  3.7962001e-001
 -4.9208044e-001  3.7562867e-001
 -4.8149510e-001  3.7583153e-001
 -4.8716074e-001  3.9702057e-001
 -4.7914481e-001  4.1576477e-001
 -4.8026084e-001  3.8764786e-001
 -4.8046870e-001  3.8221169e-001
 -4.8512429e-001  4.2865225e-001
 -4.7760303e-001  4.1673300e-001
 -4.8922019e-001  4.1012418e-001
 -4.9394736e-001  4.2717043e-001
 -4.8609992e-001  4.1145264e-001
 -4.7501442e-001  4.2322512e-001
 -4.8256789e-001  4.2019307e-001
 -4.8343186e-001  4.3863604e-001
 -4.8249707e-001  4.2216039e-001
 -4.9496318e-001  4.1820325e-001
 -4.8959923e-001  4.3794414e-001
 -4.8411675e-001  4.0604354e-001
 -4.7369689e-001  4.1942129e-001
 -4.7295495e-001  3.9413041e-001
 -4.8249744e-001  4.2265901e-001
 -4.8254582e-001  4.0389760e-001
 -4.7399166e-001  3.9827231e-001
 -4.7787775e-001  4.0770698e-001
 -4.8701180e-001  3.9136555e-001
 -4.9233324e-001  4.3679660e-001
 -4.7804939e-001  4.2949387e-001
 -4.8527648e-001  3.9302177e-001
 -4.8069821e-001  4.0106231e-001
 -4.7435096e-001  4.2600538e-001
 -4.8536271e-001  3.9602357e-001
 -2.5926707e-001  4.0060376e-001
 -2.6029159e-001  4.0695025e-001
 -2.6582905e-001  4.0267852e-001
 -2.6086245e-001  3.6005881e-001
 -2.6459295e-001  3.5283804e-001
 -2.5043927e-001  3.4112724e-001
 -2.7030869e-001  2.9880108e-001
 -2.7091347e-001  2.3715339e-001
 -2.5547086e-001  2.2665711e-001
 -2.5764534e-001  1.4110329e-001
 -2.5888819e-001  9.8831245e-002
 -2.6537960e-001  1.1114326e-001
 -2.5752773e-001  4.2993327e-002
 -2.6731081e-001  1.9681126e-002
 -2.6493091e-001  7.8828152e-003
 -2.6174482e-001 -5.0966800e-002
 -2.6200232e-001 -5.2954035e-002
 -2.5097698e-001 -5.4631574e-002
 -2.5362417e-001 -7.4618947e-002
 -2.6170747e-001 -1.2799140e-001
 -2.6838005e-001 -1.2477189e-001
 -2.6094538e-001 -1.3976672e-001
 -2.6971606e-001 -1.5598315e-001
 -2.7335138e-001 -1.5258394e-001
 -2.5514706e-001 -1.9828246e-001
 -2.5470109e-001 -1.6714578e-001
 -2.5381439e-001 -1.8479483e-001
 -2.6178457e-001 -1.9760689e-001
 -2.7075484e-001 -2.2253116e-001
 -2.5555681e-001 -2.5197136e-001
 -2.6655205e-001 -2.1210703e-001
 -2.7375739e-001 -2.6409359e-001
 -2.5459168e-001 -2.1677348e-001
 -2.6260408e-001 -2.2108172e-001
 -2.5304022e-001 -2.6343892e-001
 -2.6513430e-001 -2.5005983e-001
 -2.6522281e-001 -2.4946882e-001
 -2.5438070e-001 -2.6897949e-001
 -2.5772197e-001 -2.4552892e-001
 -2.5725093e-001 -2.6211285e-001
 -2.6195903e-001 -2.4431564e-001
 -2.5950489e-001 -2.6285539e-001
 -2.5570140e-001 -2.8487710e-001
 -2.7096084e-001 -2.8168869e-001
 -2.5507355e-001 -2.7709279e-001
 -2.6926363e-001 -2.7894399e-001
 -2.5024332e-001 -2.7376986e-001
 -2.5099502e-001 -2.7287839e-001
 -2.5056098e-001 -2.9074413e-001
 -2.6024714e-001 -2.8830286e-001
 -2.5350969e-001 -2.9427274e-001
 -2.5243280e-001 -2.7715165e-001
 -2.4983975e-001 -2.7153686e-001
 -2.5750300e-001 -2.7036231e-001
 -2.6071237e-001 -2.7594625e-001
 -2.5228405e-001 -2.8428070e-001
 -2.6475031e-001 -3.1382142e-001
 -2.6564665e-001 -2.5558832e-001
 -2.5533906e-001 -2.5797259e-001
 -2.5930607e-001 -2.8890605e-001
 -2.4980893e-001 -2.7228142e-001
 -2.7022065e-001 -2.5700790e-001
 -2.5969228e-001 -2.5958947e-001
 -2.7077256e-001 -3.1603880e-001
 -2.5769130e-001 -3.0290226e-001
 -2.6573802e-001 -3.1389401e-001
 -2.5024143e-001 -3.0328430e-001
 -2.6664186e-001 -3.0623551e-001
 -2.5126550e-001 -2.9563564e-001
 -1.1396733e-001 -3.0987891e-001
 -1.2375626e-001 -3.0204183e-001
 -1.2019688e-001 -2.8583082e-001
 -1.2445295e-001 -3.1405398e-001
 -1.2146861e-001 -2.6540222e-001
 -1.2231594e-001 -2.8183123e-001
 -1.1974691e-001 -2.7316048e-001
 -1.3447649e-001 -2.9530691e-001
 -1.3009962e-001 -2.7862228e-001
 -1.1261281e-001 -2.4618789e-001
 -1.3019392e-001 -2.9257378e-001
 -1.1529956e-001 -2.7308087e-001
 -1.1192559e-001 -2.3307062e-001
 -1.3010803e-001 -2.7480597e-001
 -1.1778375e-001 -2.3913014e-001
 -1.3311650e-001 -2.3695169e-001
 -1.2854741e-001 -2.7470622e-001
 -1.1536004e-001 -2.7091095e-001
 -1.1872483e-001 -2.3089295e-001
 -1.2596318e-001 -2.3724011e-001
 -1.1505480e-001 -2.3974536e-001
 -1.2756028e-001 -2.2127775e-001
 -1.2584887e-001 -2.7291069e-001
 -1.3446301e-001 -2.5660724e-001
 -1.2202795e-001 -2.4235854e-001
 -1.1187705e-001 -2.2104148e-001
 -1.1435096e-001 -2.1734169e-001
 -1.2341270e-001 -2.1315711e-001
 -1.2574628e-001 -2.2887450e-001
 -1.2283648e-001 -2.4806009e-001
 -1.1411566e-001 -2.1983713e-001
 -1.1699829e-001 -2.4343477e-001
 -1.1158424e-001 -2.3297269e-001
 -1.1112430e-001 -2.0864816e-001
 -1.1835613e-001 -2.2441628e-001
 -1.2821247e-001 -2.2120773e-001
 -1.1414345e-001 -2.1297183e-001
 -1.3124277e-001 -2.2447974e-001
 -1.2543884e-001 -2.2038019e-001
 -1.3223498e-001 -2.6493126e-001
 -1.1449122e-001 -2.3957796e-001
 -1.2988013e-001 -2.2241515e-001
 -1.2461322e-001 -2.4909767e-001
 -1.3085361e-001 -2.5472144e-001
 -1.1646526e-001 -2.1388649e-001
 -1.2495780e-001 -2.6185635e-001
 -1.2099604e-001 -2.5118715e-001
 -1.2649462e-001 -2.1377669e-001
 -1.1153562e-001 -2.1665568e-001
 -1.2587548e-001 -2.5592173e-001
 -1.2607370e-001 -2.4457311e-001
 -1.2981233e-001 -2.4618679e-001
 -1.3066670e-001 -2.4274815e-001
 -1.2718930e-001 -2.1599354e-001
 -1.2698352e-001 -2.5276211e-001
 -1.1774756e-001 -2.5726955e-001
 -1.1196179e-001 -2.1607822e-001
 -1.2071506e-001 -2.3350168e-001
 -1.2812706e-001 -2.2741755e-001
 -1.3328728e-001 -2.1054280e-001
 -1.2426230e-001 -2.3721499e-001
 -1.2105152e-001 -2.5938526e-001
 -1.3482910e-001 -2.5410238e-001
 -1.3305209e-001 -2.5699793e-001
 -1.3147652e-001 -2.2740376e-001
 -1.1812708e-001 -2.5138539e-001
 -1.2801516e-001 -2.2772191e-001
 -1.3344500e-001 -2.3709514e-001
 -1.2762328e-001 -2.3392409e-001
 -5.8082886e-001 -2.1929876e-001
 -5.8364763e-001 -2.2323074e-001
 -5.7940524e-001 -2.1590673e-001
 -5.8596622e-001 -1.6631741e-001
 -5.9407046e-001 -8.8200502e-002
 -5.8889376e-001 -4.1245300e-002
 -6.0177736e-001  8.8455277e-002
 -5.9105942e-001  1.7138726e-001
 -5.8225777e-001  2.0469777e-001
 -5.9385042e-001  3.1456138e-001
 -5.8731807e-001  3.8942115e-001
 -6.0203742e-001  4.7490989e-001
 -5.9469828e-001  5.1717982e-001
 -5.7908443e-001  6.0579021e-001
 -5.9291127e-001  6.3011973e-001
 -5.8035664e-001  6.7427925e-001
 -5.8290483e-001  7.2076113e-001
 -5.9094086e-001  8.0938022e-001
 -5.9895266e-001  8.4479155e-001
 -5.9154495e-001  8.7077627e-001
 -5.8017841e-001  8.9468799e-001
 -6.0124530e-001  9.6161977e-001
 -5.9305705e-001  9.7722820e-001
 -5.8959881e-001  1.0118788e+000
 -5.8444764e-001  1.0382905e+000
 -5.8652831e-001  1.0568217e+000
 -5.8891374e-001  1.0752676e+000
 -5.7928862e-001  1.1073106e+000
 -5.8385096e-001  1.1263263e+000
 -5.8167195e-001  1.0917176e+000
 -5.8702747e-001  1.1574526e+000
 -5.8822595e-001  1.1446548e+000
 -5.9892242e-001  1.1509202e+000
 -5.7892665e-001  1.1510509e+000
 -5.7810036e-001  1.1490813e+000
 -5.8847252e-001  1.2083466e+000
 -6.0172122e-001  1.1588260e+000
 -5.9713753e-001  1.2059866e+000
 -5.8008183e-001  1.1863766e+000
 -5.9464708e-001  1.1957502e+000
 -5.8537968e-001  1.2341126e+000
 -5.9574900e-001  1.1954616e+000
 -5.9060613e-001  1.2155261e+000
 -5.8836394e-001  1.2037559e+000
 -5.8415627e-001  1.1998547e+000
 -5.9316965e-001  1.2134728e+000
 -5.9848828e-001  1.2426518e+000
 -5.9157506e-001  1.2474654e+000
 -5.9470651e-001  1.2138132e+000
 -6.0171660e-001  1.2377765e+000
 -5.9884125e-001  1.2655994e+000
 -5.8864478e-001  1.2093527e+000
 -5.9124031e-001  1.2683420e+000
 -6.0085367e-001  1.2566627e+000
 -6.0187222e-001  1.2266267e+000
 -5.8963257e-001  1.2442688e+000
 -5.9050450e-001  1.2554071e+000
 -6.0156081e-001  1.2569415e+000
 -5.8665796e-001  1.2317954e+000
 -5.9185835e-001  1.2612638e+000
 -5.9716327e-001  1.2512437e+000
 -5.9475763e-001  1.2375570e+000
 -5.8573909e-001  1.2386213e+000
 -5.9793381e-001  1.2359109e+000
 -5.9659807e-001  1.2593617e+000
 -5.9932980e-001  1.2206899e+000
 -5.9744561e-001  1.2441390e+000
 -5.9015952e-001  1.2200834e+000
 -5.8846772e-001  1.2724563e+000
 -4.1757171e-001  1.2343018e+000
 -4.1240733e-001  1.2572466e+000
 -4.0621034e-001  1.2256524e+000
 -4.2528020e-001  1.1648656e+000
 -4.0880445e-001  1.1598675e+000
 -4.0723531e-001  1.0490271e+000
 -4.2589851e-001  1.0169730e+000
 -4.1561285e-001  9.6896351e-001
 -4.1730914e-001  8.7503270e-001
 -4.0678847e-001  8.4033103e-001
 -4.1535747e-001  7.3561075e-001
 -4.1751451e-001  7.1127020e-001
 -4.0514878e-001  6.4063125e-001
 -4.1030969e-001  5.9614416e-001
 -4.2513866e-001  5.4853996e-001
 -4.2619752e-001  5.0105867e-001
 -4.1718160e-001  4.6210028e-001
 -4.2124435e-001  4.1250553e-001
 -4.1477113e-001  3.9563072e-001
 -4.1058958e-001  3.7040112e-001
 -4.0577477e-001  3.4663795e-001
 -4.2440767e-001  3.2727154e-001
 -4.2256612e-001  3.0608454e-001
 -4.2508399e-001  2.3997514e-001
 -4.2391639e-001  2.4165507e-001
 -4.2271189e-001  2.1510901e-001
 -4.1370546e-001  2.1026805e-001
 -4.2477666e-001  1.9499725e-001
 -4.1726025e-001  2.0515781e-001
 -4.0789781e-001  1.6687400e-001
 -4.2492256e-001  1.4211037e-001
 -4.0986805e-001  1.6297625e-001
 -4.0500173e-001  1.2982207e-001
 -4.1272967e-001  1.2548263e-001
 -4.0901135e-001  1.0881046e-001
 -4.2541008e-001  1.1510503e-001
 -4.0413143e-001  9.8416207e-002
 -4.2675147e-001  9.4197926e-002
 -4.2743242e-001  1.0592785e-001
 -4.0745034e-001  1.2731565e-001
 -4.1742723e-001  1.2600276e-001
 -4.1351494e-001  7.3984412e-002
 -4.2166346e-001  6.6628564e-002
 -4.0609736e-001  9.3091818e-002
 -4.0526038e-001  1.1078356e-001
 -4.0886844e-001  8.9836364e-002
 -4.1645629e-001  8.8476551e-002
 -4.0834014e-001  1.0267965e-001
 -4.0419316e-001  7.5546785e-002
 -4.1309503e-001  5.8299799e-002
 -4.1230454e-001  7.0991530e-002
 -4.2263602e-001  7.3582391e-002
 -4.1070148e-001  1.0199966e-001
 -4.1747001e-001  9.7496169e-002
 -4.2114924e-001  7.8123830e-002
 -4.2310884e-001  5.1809472e-002
 -4.2761073e-001  5.9888571e-002
 -4.1784564e-001  7.9070845e-002
 -4.1771744e-001  9.4920444e-002
 -4.2452806e-001  8.1153153e-002
 -4.2733578e-001  5.2601736e-002
 -4.1406462e-001  5.2277902e-002
 -4.0404040e-001  7.4724734e-002
 -4.1129088e-001  8.6641301e-002
 -4.0905114e-001  4.6159081e-002
 -4.1554935e-001  5.2895330e-002
 -4.0446687e-001  8.6120083e-002
 -4.1585052e-001  8.6882689e-002
 -4.0533186e-001  4.7205707e-002
  7.4932766e-001  8.1924941e-002
  7.4232945e-001  5.5943322e-002
  7.3709175e-001  1.2099127e-001
  7.4664419e-001  2.0525416e-001
  7.3860854e-001  2.8562310e-001
  7.4826877e-001  4.0971383e-001
  7.4607828e-001  5.2826662e-001
  7.4889336e-001  6.5896448e-001
  7.4910384e-001  7.8005040e-001
  7.4197118e-001  8.9921648e-001
  7.3836773e-001  1.0128769e+000
  7.3839441e-001  1.0812633e+000
  7.5012772e-001  1.1745035e+000
  7.4734638e-001  1.3098807e+000
  7.4965023e-001  1.3856768e+000
  7.4636089e-001  1.4352464e+000
  7.3750673e-001  1.5523606e+000
  7.4040922e-001  1.5954834e+000
  7.3947083e-001  1.6962174e+000
  7.3691713e-001  1.7204934e+000
  7.4620935e-001  1.7754810e+000
  7.5245782e-001  1.8533449e+000
  7.4897071e-001  1.8567343e+000
  7.5005967e-001  1.9469700e+000
  7.4229353e-001  1.9879343e+000
  7.3109254e-001  2.0023419e+000
  7.4960870e-001  2.0244040e+000
  7.4071657e-001  2.0250129e+000
  7.4865897e-001  2.0674333e+000
  7.4410774e-001  2.1187156e+000
  7.3207949e-001  2.1200625e+000
  7.3469943e-001  2.1579207e+000
  7.4210245e-001  2.1475154e+000
  7.3625675e-001  2.1884055e+000
  7.4716710e-001  2.1850713e+000
  7.3832074e-001  2.1798760e+000
  7.3936951e-001  2.2331183e+000
  7.4653681e-001  2.2034469e+000
  7.4109724e-001  2.2372846e+000
  7.4414095e-001  2.2313119e+000
  7.3472743e-001  2.2527633e+000
  7.5119285e-001  2.2417157e+000
  7.4037567e-001  2.2347127e+000
  7.4941790e-001  2.2481579e+000
  7.3713028e-001  2.2456644e+000
  7.4690714e-001  2.2763533e+000
  7.3095132e-001  2.2442657e+000
  7.3225155e-001  2.2973211e+000
  7.4620522e-001  2.2933378e+000
  7.3726153e-001  2.2908898e+000
  7.4171347e-001  2.2804563e+000
  7.5442876e-001  2.2684267e+000
  7.4273262e-001  2.3169494e+000
  7.4334873e-001  2.2637701e+000
  7.3745400e-001  2.2883431e+000
  7.4416955e-001  2.3060946e+000
  7.3443245e-001  2.3255511e+000
  7.5458215e-001  2.2742122e+000
  7.4391248e-001  2.3257190e+000
  7.4403288e-001  2.2822436e+000
  7.4872346e-001  2.3008789e+000
  7.5443325e-001  2.3241325e+000
  7.3565603e-001  2.2794753e+000
  7.5363509e-001  2.3087945e+000
  7.3086088e-001  2.2945047e+000
  7.4878763e-001  2.3281974e+000
  7.5038793e-001  2.2971600e+000
  7.5122729e-001  2.3344887e+000
  7.3659265e-001  2.3321529e+000
  9.9744132e-001  2.2920056e+000
  9.8234299e-001  2.3149384e+000
  9.9998108e-001  2.3293678e+000
  9.8483357e-001  2.3771108e+000
  9.9427098e-001  2.4053202e+000
  9.8079360e-001  2.4719121e+000
  9.8969993e-001  2.5076953e+000
  9.9189106e-001  2.5543395e+000
  9.9126399e-001  2.6246418e+000
  9.9774002e-001  2.6726689e+000
  1.0001725e+000  2.7064902e+000
  9.9065692e-001  2.7525968e+000
  9.8767402e-001  2.8425911e+000
  9.8709213e-001  2.8312702e+000
  9.9262390e-001  2.8829936e+000
  9.9898178e-001  2.9389757e+000
  9.9591564e-001  2.9382218e+000
  9.8625663e-001  3.0281299e+000
  9.9226311e-001  3.0524770e+000
  9.9999992e-001  3.0822986e+000
  9.9012716e-001  3.0751405e+000
  9.9356424e-001  3.0813361e+000
  9.9225898e-001  3.0922776e+000
  9.8456594e-001  3.1115437e+000
  9.9822225e-001  3.1313473e+000
  9.9686300e-001  3.1805533e+000
  9.8543574e-001  3.2080036e+000
  9.9304643e-001  3.1663543e+000
  9.8559947e-001  3.2123569e+000
  9.9397243e-001  3.2041181e+000
  9.8155838e-001  3.2050513e+000
  9.8652419e-001  3.2365508e+000
  9.8970386e-001  3.2544177e+000
  9.8250081e-001  3.2609768e+000
  9.9343490e-001  3.2402222e+000
  9.8786063e-001  3.2387158e+000
  9.7974166e-001  3.2610592e+000
  9.8617359e-001  3.2773937e+000
  9.8604299e-001  3.2572390e+000
  1.0016015e+000  3.2781590e+000
  9.9368500e-001  3.2908125e+000
  9.8678854e-001  3.2775231e+000
  9.8306733e-001  3.2691911e+000
  1.0008005e+000  3.3018704e+000
  1.0020687e+000  3.2833252e+000
  9.9044618e-001  3.3052291e+000
  1.0009497e+000  3.2728673e+000
  9.8948684e-001  3.3221122e+000
  9.8528530e-001  3.2947203e+000
  9.8720807e-001  3.2787489e+000
  9.9363152e-001  3.2713932e+000
  9.8726078e-001  3.3240490e+000
  9.9432512e-001  3.3027969e+000
  9.8759248e-001  3.2972614e+000
  9.9754026e-001  3.2968867e+000
  9.9196760e-001  3.3138581e+000
  9.9042857e-001  3.2773647e+000
  9.9167941e-001  3.2903246e+000
  9.7937804e-001  3.3258553e+000
  9.9841251e-001  3.3172365e+000
  9.8562363e-001  3.2898423e+000
  9.9359298e-001  3.2916181e+000
  9.9991718e-001  3.2780541e+000
  9.9508481e-001  3.3307034e+000
  9.9220248e-001  3.2965539e+000
  9.8903783e-001  3.2895232e+000
  9.9076808e-001  3.3217497e+000
  9.9155354e-001  3.2810009e+000
  9.9298150e-001  3.3084821e+000
 -7.3602983e-001  3.2974116e+000
 -7.4501084e-001  3.3364728e+000
 -7.3610781e-001  3.3204175e+000
 -7.4840469e-001  3.2808504e+000
 -7.5596776e-001  3.2877562e+000
 -7.4444703e-001  3.2802003e+000
 -7.3890103e-001  3.2875244e+000
 -7.3588491e-001  3.3151274e+000
 -7.5081233e-001  3.3148820e+000
 -7.3373715e-001  3.3232160e+000
 -7.4700808e-001  3.2897472e+000
 -7.5520332e-001  3.2758361e+000
 -7.3803466e-001  3.2853979e+000
 -7.3455078e-001  3.2977697e+000
 -7.3538311e-001  3.2788347e+000
 -7.5545254e-001  3.2908605e+000
 -7.4402318e-001  3.2813652e+000
 -7.3970768e-001  3.3070791e+000
 -7.4752971e-001  3.2921393e+000
 -7.4545866e-001  3.2740160e+000
 -7.4976969e-001  3.3304456e+000
 -7.3972101e-001  3.2768262e+000
 -7.5074986e-001  3.3273407e+000
 -7.4695058e-001  3.2966564e+000
 -7.3594740e-001  3.2822484e+000
 -7.4341345e-001  3.3171069e+000
 -7.3620392e-001  3.2838332e+000
 -7.4597767e-001  3.2880923e+000
 -7.4247831e-001  3.3221634e+000
 -7.5265315e-001  3.3043629e+000
 -7.4632950e-001  3.2706087e+000
 -7.4699506e-001  3.3278846e+000
 -7.3911215e-001  3.2940645e+000
 -7.5513469e-001  3.2907191e+000
 -7.3417637e-001  3.3287040e+000
 -7.4534147e-001  3.3054746e+000
 -7.3477243e-001  3.3267052e+000
 -7.5440001e-001  3.3110712e+000
 -7.4193110e-001  3.2935676e+000
 -7.4339575e-001  3.2997424e+000
 -7.4142060e-001  3.3033359e+000
 -7.3724026e-001  3.3174173e+000
 -7.5548489e-001  3.3009068e+000
 -7.3614382e-001  3.3038867e+000
 -7.5626301e-001  3.2889351e+000
 -7.3313497e-001  3.2853228e+000
 -7.5429354e-001  3.3082300e+000
 -7.5519236e-001  3.2808405e+000
 -7.4666785e-001  3.2908074e+000
 -7.4475300e-001  3.2789854e+000
 -7.4229612e-001  3.2805061e+000
 -7.3266488e-001  3.2870270e+000
 -7.4725360e-001  3.2929597e+000
 -7.5366326e-001  3.2965764e+000
 -7.3987519e-001  3.2702133e+000
 -7.5009947e-001  3.2896570e+000
 -7.5048535e-001  3.3182374e+000
 -7.4270836e-001  3.3165776e+000
 -7.5577006e-001  3.3279182e+000
 -7.4120066e-001  3.3127496e+000
 -7.5244735e-001  3.3003634e+000
 -7.3511523e-001  3.2943759e+000
 -7.3751560e-001  3.3216117e+000
 -7.5172268e-001  3.3251853e+000
 -7.5199458e-001  3.2963972e+000
 -7.4694530e-001  3.2744552e+000
 -7.3865971e-001  3.2728953e+000
 -7.3312498e-001  3.2734113e+000
 -7.3472518e-001  3.3215981e+000
  6.4894464e-001  3.3183941e+000
  6.5288998e-001  3.3125444e+000
  6.4982181e-001  3.2765060e+000
  6.4892475e-001  3.2291155e+000
  6.3821356e-001  3.1536945e+000
  6.3928870e-001  3.1250453e+000
  6.4369579e-001  3.0188541e+000
  6.4978147e-001  2.9565271e+000
  6.4897913e-001  2.8818579e+000
  6.5485926e-001  2.8372849e+000
  6.4141547e-001  2.7688958e+000
  6.3773620e-001  2.7199440e+000
  6.5020030e-001  2.6422288e+000
  6.5222878e-001  2.5726917e+000
  6.4187593e-001  2.5113646e+000
  6.4254961e-001  2.4616157e+000
  6.3607762e-001  2.4576244e+000
  6.5112549e-001  2.4268880e+000
  6.3681756e-001  2.3382351e+000
  6.3526928e-001  2.3462773e+000
  6.5063819e-001  2.3265816e+000
  6.5099770e-001  2.2621292e+000
  6.4689966e-001  2.2647461e+000
  6.5371288e-001  2.2325824e+000
  6.5335331e-001  2.1877065e+000
  6.4887668e-001  2.1962036e+000
  6.3609894e-001  2.1492747e+000
  6.4447431e-001  2.1265328e+000
  6.5470337e-001  2.1296260e+000
  6.3709072e-001  2.1403379e+000
  6.5137864e-001  2.0873420e+000
  6.4341472e-001  2.1095354e+000
  6.4643469e-001  2.1019572e+000
  6.4228897e-001  2.0499344e+000
  6.4264154e-001  2.0666050e+000
  6.5080964e-001  2.0863047e+000
  6.4368181e-001  2.0298657e+000
  6.4596833e-001  2.0195908e+000
  6.4489081e-001  2.0491608e+000
  6.3674409e-001  2.0496679e+000
  6.4697990e-001  2.0218172e+000
  6.3707608e-001  2.0054251e+000
  6.4816479e-001  2.0324030e+000
  6.4578975e-001  2.0001181e+000
  6.3629313e-001  2.0372052e+000
  6.3597013e-001  1.9928746e+000
  6.4139091e-001  1.9867706e+000
  6.4806379e-001  1.9926118e+000
  6.4583806e-001  2.0255857e+000
  6.3994020e-001  2.0212356e+000
  6.3711293e-001  2.0066816e+000
  6.4055472e-001  2.0209652e+000
  6.5634698e-001  2.0241626e+000
  6.5731898e-001  2.0122671e+000
  6.4148902e-001  1.9888167e+000
  6.4543930e-001  1.9755646e+000
  6.4372038e-001  1.9900427e+000
  6.5290269e-001  2.0304192e+000
  6.4389195e-001  1.9887933e+000
  6.5610095e-001  1.9725484e+000
  6.5660352e-001  2.0179807e+000
  6.5107919e-001  2.0269941e+000
  6.5783297e-001  1.9907192e+000
  6.4073785e-001  2.0032767e+000
  6.3535402e-001  1.9872916e+000
  6.5276694e-001  2.0087920e+000
  6.4458358e-001  2.0018410e+000
  6.4917766e-001  2.0252514e+000
  6.5545837e-001  2.0153248e+000
 -4.1248876e-001  1.9809772e+000
 -4.0660832e-001  1.9880479e+000
 -4.0496729e-001  1.9803562e+000
 -4.1193470e-001  1.8771381e+000
 -4.0800377e-001  1.7832396e+000
 -4.0795629e-001  1.7050149e+000
 -4.1707177e-001  1.5888512e+000
 -4.1566276e-001  1.5085345e+000
 -4.0755334e-001  1.4074407e+000
 -4.1514177e-001  1.2880168e+000
 -4.0659141e-001  1.2184340e+000
 -4.2278582e-001  1.0825233e+000
 -4.1002826e-001  9.9906740e-001
 -4.1877176e-001  9.5478967e-001
 -4.0492800e-001  8.3424913e-001
 -4.0641723e-001  7.7729474e-001
 -4.0690426e-001  7.2929903e-001
 -4.0136521e-001  6.4129797e-001
 -4.2008939e-001  6.0235798e-001
 -4.1422888e-001  5.5082287e-001
 -4.1139218e-001  4.9444099e-001
 -4.1257808e-001  4.8194735e-001
 -4.2336195e-001  4.3264387e-001
 -4.1479774e-001  3.8522320e-001
 -4.0172508e-001  3.2136887e-001
 -4.1964528e-001  3.3848824e-001
 -4.1046137e-001  2.9788305e-001
 -4.1108677e-001  2.4348517e-001
 -4.0450189e-001  2.4251533e-001
 -4.0239655e-001  2.3223348e-001
 -4.1791946e-001  1.9739215e-001
 -4.0816875e-001  2.1048545e-001
 -4.1900252e-001  2.0528401e-001
 -4.0544350e-001  1.8503971e-001
 -4.0661546e-001  1.5745058e-001
 -4.2303864e-001  1.5276195e-001
 -4.0871221e-001  1.1084806e-001
 -4.0373500e-001  1.5532311e-001
 -4.0597474e-001  1.0770138e-001
 -4.0262903e-001  1.2945779e-001
 -4.0480762e-001  9.5714578e-002
 -4.0854991e-001  6.9937243e-002
 -4.0379179e-001  9.6346564e-002
 -4.0885121e-001  6.2698043e-002
 -4.1106717e-001  9.1120314e-002
 -4.0120555e-001  6.1182985e-002
 -4.0234443e-001  9.9019837e-002
 -4.0108297e-001  5.6743744e-002
 -4.1984239e-001  8.5566500e-002
 -4.0188299e-001  4.4531775e-002
 -4.2306851e-001  9.4011581e-002
 -4.0561207e-001  9.3605550e-002
 -4.0945341e-001  7.3309472e-002
 -4.1324568e-001  8.2274384e-002
 -4.2154603e-001  8.9922540e-002
 -4.1214503e-001  4.3651984e-002
 -4.1846225e-001  7.3608389e-002
 -4.2193945e-001  3.6574755e-002
 -4.2328059e-001  5.1274126e-002
 -4.1888526e-001  5.4714574e-002
 -4.2160956e-001  5.5653645e-002
 -4.0042168e-001  5.8432533e-002
 -4.1254610e-001  3.8359621e-002
 -4.0260560e-001  8.1279137e-002
 -4.1656906e-001  3.5971305e-002
 -4.2196335e-001  4.6119708e-002
 -4.1371664e-001  3.0684522e-002
 -4.1411891e-001  6.4027548e-002
 -4.1364434e-001  5.7425940e-002
 -1.7779933e-001  7.5788399e-002
 -1.7755154e-001  5.1851542e-002
 -1.8878594e-001  4.8985392e-002
 -1.9299643e-001  5.7543833e-003
 -1.9152144e-001 -1.2424151e-002
 -1.9516777e-001 -1.1192475e-002
 -1.8888772e-001 -3.2382226e-002
 -1.7924287e-001 -4.5926685e-002
 -1.9428296e-001 -4.9788317e-002
 -2.0112887e-001 -7.3318521e-002
 -1.9446738e-001 -8.9792023e-002
 -1.9973224e-001 -1.3550457e-001
 -1.9327249e-001 -9.6176371e-002
 -1.7952578e-001 -1.1219964e-001
 -1.8129436e-001 -1.7787474e-001
 -1.8756206e-001 -1.6990631e-001
 -1.8050517e-001 -1.6474220e-001
 -1.9023174e-001 -1.6819871e-001
 -1.9578539e-001 -2.0857990e-001
 -1.8142215e-001 -2.2571989e-001
 -1.9301104e-001 -2.1975364e-001
 -1.8774142e-001 -2.4866847e-001
 -1.9755832e-001 -2.4954106e-001
 -1.9929440e-001 -2.5183032e-001
 -1.8499770e-001 -2.6760486e-001
 -1.9559320e-001 -2.1936136e-001
 -1.8171990e-001 -2.3781286e-001
 -1.9762072e-001 -2.7151021e-001
 -1.9753016e-001 -2.5442139e-001
 -1.9437616e-001 -2.8301341e-001
 -1.9681545e-001 -2.9345801e-001
 -1.8446060e-001 -2.5636841e-001
 -1.9095648e-001 -2.8450787e-001
 -1.8132548e-001 -2.8972196e-001
 -1.8542779e-001 -2.9921254e-001
 -1.7813225e-001 -3.0673799e-001
 -1.8190196e-001 -2.6472663e-001
 -1.9225213e-001 -2.5181822e-001
 -1.9785100e-001 -2.9164731e-001
 -2.0014828e-001 -3.0455748e-001
 -1.9544542e-001 -2.7744873e-001
 -1.8630430e-001 -3.0619643e-001
 -2.0071556e-001 -2.6682593e-001
 -1.9061102e-001 -3.0566082e-001
 -1.9153981e-001 -2.8265379e-001
 -1.8678780e-001 -2.6885405e-001
 -1.8510501e-001 -2.8274689e-001
 -1.9771210e-001 -2.9248040e-001
 -1.9198524e-001 -3.1590697e-001
 -1.9650788e-001 -3.0390374e-001
 -2.0092581e-001 -2.7555870e-001
 -1.9156946e-001 -2.8208590e-001
 -1.9579927e-001 -2.9400356e-001
 -1.9864408e-001 -2.6668490e-001
 -1.9070470e-001 -3.1855037e-001
 -1.7832857e-001 -3.1497930e-001
 -1.8278745e-001 -2.7201334e-001
 -1.8470977e-001 -3.1513622e-001
 -1.8259328e-001 -2.6593993e-001
 -2.0075908e-001 -2.8516557e-001
 -1.7869864e-001 -3.1113072e-001
 -1.8281743e-001 -3.0853702e-001
 -1.9284863e-001 -2.8857008e-001
 -1.8684371e-001 -2.8676280e-001
 -1.8661095e-001 -2.8526208e-001
 -1.8623180e-001 -3.0636042e-001
 -1.8690196e-001 -3.1180693e-001
 -1.8059942e-001 -2.7797727e-001
 -1.9929617e-001 -2.6692446e-001
  1.3290023e-001 -2.8349737e-001
  1.3681850e-001 -2.8835403e-001
  1.3169100e-001 -2.7325847e-001
  1.2522741e-001 -2.7336092e-001
  1.2307956e-001 -2.5216922e-001
  1.1843307e-001 -1.8985357e-001
  1.2846938e-001 -1.3879406e-001
  1.2842111e-001 -1.1551168e-001
  1.2506767e-001 -8.9415790e-002
  1.1562374e-001 -4.9416923e-002
  1.3083368e-001 -5.1581004e-002
  1.2138369e-001  6.8412986e-003
  1.2390422e-001  3.5742914e-002
  1.2572391e-001  6.4208289e-002
  1.2249486e-001  9.9522202e-002
  1.1545565e-001  1.3209151e-001
  1.2432868e-001  1.1198297e-001
  1.2450487e-001  1.6417041e-001
  1.3537803e-001  1.5603656e-001
  1.3307978e-001  1.5626303e-001
  1.3003499e-001  2.0360801e-001
  1.1609538e-001  2.3270977e-001
  1.1920364e-001  2.1484619e-001
  1.3478514e-001  2.4598081e-001
  1.1930724e-001  2.2937104e-001
  1.2437204e-001  2.3917007e-001
  1.1884569e-001  2.5612485e-001
  1.1458870e-001  2.9289231e-001
  1.2334462e-001  2.7941214e-001
  1.1512911e-001  2.8164096e-001
  1.1642212e-001  2.6851228e-001
  1.3547991e-001  2.7100095e-001
  1.1698563e-001  3.1412459e-001
  1.2385823e-001  2.8863828e-001
  1.1617176e-001  3.1051837e-001
  1.1427870e-001  3.2555627e-001
  1.1423541e-001  3.3740566e-001
  1.3546217e-001  2.9530774e-001
  1.3327427e-001  3.4363510e-001
  1.2033167e-001  3.0708041e-001
  1.1588159e-001  3.1543312e-001
  1.1852661e-001  3.3130659e-001
  1.3541549e-001  3.0019704e-001
  1.2465053e-001  3.4293215e-001
  1.2209504e-001  3.4474459e-001
  1.3190764e-001  3.3092613e-001
  1.1983310e-001  3.1720847e-001
  1.2206710e-001  3.2484459e-001
  1.3432507e-001  3.4831282e-001
  1.2087011e-001  3.2340279e-001
  1.2913203e-001  3.1744088e-001
  1.1920608e-001  3.2252374e-001
  1.3668387e-001  3.2155645e-001
  1.2635911e-001  3.3415912e-001
  1.2584441e-001  3.4694979e-001
  1.3176683e-001  3.2930050e-001
  1.1962703e-001  3.3673687e-001
  1.2288468e-001  3.5993283e-001
  1.3038471e-001  3.4133999e-001
  1.1394505e-001  3.3501470e-001
  1.3657258e-001  3.4770696e-001
  1.2186295e-001  3.5800711e-001
  1.3513788e-001  3.2371328e-001
  1.2364016e-001  3.4143602e-001
  1.2419447e-001  3.4761486e-001
  1.2304420e-001  3.2551878e-001
  1.3343573e-001  3.4574449e-001
  1.2592108e-001  3.1956058e-001
  1.3344411e-001  3.5953596e-001
 -5.2884394e-001  3.1673955e-001
 -5.4425966e-001  3.2177248e-001
 -5.4016245e-001  3.4927082e-001
 -5.3266958e-001  3.6629366e-001
 -5.5165950e-001  3.5636461e-001
 -5.4468935e-001  3.9218401e-001
 -5.5035558e-001  4.5823663e-001
 -5.3190270e-001  4.3191801e-001
 -5.3520051e-001  5.0838279e-001
 -5.4707671e-001  5.1961378e-001
 -5.4034052e-001  5.4169533e-001
 -5.2956303e-001  5.3167494e-001
 -5.4997094e-001  5.4727941e-001
 -5.3692361e-001  5.7661594e-001
 -5.3474057e-001  5.8487346e-001
 -5.3154694e-001  6.2524273e-001
 -5.2902481e-001  6.5017174e-001
 -5.4350481e-001  6.5333168e-001
 -5.3153515e-001  6.7540436e-001
 -5.2880812e-001  6.6831762e-001
 -5.5003873e-001  7.1127207e-001
 -5.4326959e-001  7.3714534e-001
 -5.3605053e-001  6.9589621e-001
 -5.3715681e-001  7.1876695e-001
 -5.5147614e-001  7.3818107e-001
 -5.3193808e-001  7.5729870e-001
 -5.3166696e-001  7.7557389e-001
 -5.4317200e-001  7.2685083e-001
 -5.4982132e-001  7.3480382e-001
 -5.3747398e-001  7.3325890e-001
 -5.3439847e-001  7.5287849e-001
 -5.4485263e-001  7.8299517e-001
 -5.4038865e-001  7.7408527e-001
 -5.2924008e-001  7.9817307e-001
 -5.4236989e-001  8.0443468e-001
 -5.5064549e-001  7.8151245e-001
 -5.3795755e-001  7.9821715e-001
 -5.3974413e-001  7.5869727e-001
 -5.3351696e-001  7.8214334e-001
 -5.3591949e-001  7.6505478e-001
 -5.3235177e-001  8.0635051e-001
 -5.3283065e-001  7.9873458e-001
 -5.4359361e-001  7.6946390e-001
 -5.3325275e-001  7.9403425e-001
 -5.2857875e-001  8.0941792e-001
 -5.2998406e-001  8.2107507e-001
 -5.4016721e-001  7.7809644e-001
 -5.2889350e-001  8.1390292e-001
 -5.4028639e-001  8.2475107e-001
 -5.4753045e-001  8.0679118e-001
 -5.4820374e-001  8.2701413e-001
 -5.4678310e-001  8.0403790e-001
 -5.4549951e-001  8.2736229e-001
 -5.3726910e-001  7.9427425e-001
 -5.3761648e-001  7.8139704e-001
 -5.3711028e-001  8.0147662e-001
 -5.3182134e-001  7.7390266e-001
 -5.4699486e-001  7.8548933e-001
 -5.3964909e-001  8.1764815e-001
 -5.3772375e-001  8.0421725e-001
 -5.4194974e-001  8.1708056e-001
 -5.3333574e-001  7.9765451e-001
 -5.2985636e-001  7.8568738e-001
 -5.3425220e-001  8.0832864e-001
 -5.3688408e-001  8.2569966e-001
 -5.3475528e-001  8.1338916e-001
 -5.4597301e-001  8.2273721e-001
 -5.2956485e-001  7.7989891e-001
 -5.3499591e-001  8.2449239e-001
 -2.0551182e-001  7.9551986e-001
 -1.9299716e-001  8.0571350e-001
 -2.0545323e-001  7.6266493e-001
 -2.0931387e-001  7.3793842e-001
 -2.0536462e-001  7.2382976e-001
 -1.9677293e-001  6.4447305e-001
 -2.0201315e-001  6.0978785e-001
 -1.9715777e-001  5.3811141e-001
 -2.0208632e-001  4.6445999e-001
 -1.9747410e-001  4.1213758e-001
 -1.9271664e-001  3.6854835e-001
 -2.1048870e-001  3.1850834e-001
 -1.9445493e-001  2.1964732e-001
 -1.9234430e-001  1.8991431e-001
 -2.1609915e-001  1.8241552e-001
 -2.0085732e-001  9.1674532e-002
 -1.9420578e-001  1.0143769e-001
 -2.0785786e-001  1.7339921e-002
 -2.0593074e-001 -4.8872273e-003
 -2.0041870e-001 -2.6470902e-002
 -2.0416406e-001 -5.3022437e-002
 -2.0743113e-001 -8.3644902e-002
 -1.9408519e-001 -1.1825822e-001
 -1.9235012e-001 -1.2224507e-001
 -1.9758422e-001 -1.3342190e-001
 -2.1314467e-001 -1.4401175e-001
 -2.0149145e-001 -1.5889793e-001
 -1.9413514e-001 -1.6743479e-001
 -1.9384864e-001 -2.0898589e-001
 -2.1140492e-001 -1.7071133e-001
 -2.0115296e-001 -2.3506305e-001
 -2.0217131e-001 -2.4015216e-001
 -2.0920118e-001 -2.3760750e-001
 -1.9691104e-001 -2.2801517e-001
 -2.0577268e-001 -2.3518828e-001
 -2.0788366e-001 -2.1781856e-001
 -2.0667440e-001 -2.5371435e-001
 -2.0069428e-001 -2.7492097e-001
 -2.0508102e-001 -2.8152082e-001
 -1.9296724e-001 -2.8106236e-001
 -2.1426540e-001 -2.8874230e-001
 -2.1519679e-001 -2.7784908e-001
 -1.9748047e-001 -2.5295761e-001
 -2.0636170e-001 -2.9733082e-001
 -1.9958019e-001 -2.8968777e-001
 -2.0800017e-001 -2.8193635e-001
 -1.9612797e-001 -3.0366508e-001
 -2.0901571e-001 -2.6462686e-001
 -2.0895539e-001 -3.1085814e-001
 -1.9308438e-001 -2.8919779e-001
 -2.1256727e-001 -2.6329335e-001
 -2.1412436e-001 -2.6103848e-001
 -1.9599984e-001 -2.7571086e-001
 -2.0157679e-001 -3.1450528e-001
 -2.0511615e-001 -3.1621622e-001
 -1.9446531e-001 -2.6871370e-001
 -2.0953001e-001 -3.0220651e-001
 -2.0389662e-001 -2.8260724e-001
 -1.9870075e-001 -2.7906296e-001
 -1.9631577e-001 -3.0577547e-001
 -1.9414845e-001 -3.1968582e-001
 -2.0070425e-001 -2.7898723e-001
 -1.9300637e-001 -2.7970457e-001
 -1.9391343e-001 -3.2454294e-001
 -1.9747491e-001 -3.1193703e-001
 -2.1192005e-001 -3.0662883e-001
 -2.0720363e-001 -3.2104364e-001
 -2.0025802e-001 -2.8602471e-001
 -2.1342309e-001 -3.0629955e-001
 -3.2575983e-001 -3.1282300e-001
 -3.1368028e-001 -2.9657889e-001
 -3.2670298e-001 -3.1129234e-001
 -3.0665263e-001 -3.1787529e-001
 -3.2502518e-001 -2.7610530e-001
 -3.0595412e-001 -2.8678219e-001
 -3.2195672e-001 -3.0945386e-001
 -3.2004149e-001 -2.7862834e-001
 -3.2046801e-001 -2.7404135e-001
 -3.0527872e-001 -2.5461519e-001
 -3.1357871e-001 -2.5259625e-001
 -3.2106984e-001 -2.4900764e-001
 -3.0778073e-001 -2.4849923e-001
 -3.2575024e-001 -2.5767643e-001
 -3.0664719e-001 -2.4615361e-001
 -3.1476449e-001 -2.5982088e-001
 -3.2615528e-001 -2.6046230e-001
 -3.2743845e-001 -2.6066550e-001
 -3.2743485e-001 -2.6576549e-001
 -3.0651091e-001 -2.7075656e-001
 -3.2126732e-001 -2.2431637e-001
 -3.1316543e-001 -2.4534137e-001
 -3.1291612e-001 -2.5285090e-001
 -3.0968956e-001 -2.4583786e-001
 -3.0750447e-001 -2.0799149e-001
 -3.0921269e-001 -2.5103240e-001
 -3.2617391e-001 -2.2948692e-001
 -3.2167932e-001 -2.1057431e-001
 -3.1604347e-001 -2.4388753e-001
 -3.1987730e-001 -2.3983828e-001
 -3.0655432e-001 -2.2712583e-001
 -3.2039792e-001 -2.2093050e-001
 -3.1649166e-001 -2.3254235e-001
 -3.1606044e-001 -2.3755559e-001
 -3.2791456e-001 -2.3771147e-001
 -3.0982321e-001 -2.2737654e-001
 -3.1005417e-001 -2.0400039e-001
 -3.1162199e-001 -2.4557460e-001
 -3.1590563e-001 -2.4806367e-001
 -3.0730821e-001 -2.4277974e-001
 -3.1930925e-001 -2.2340729e-001
 -3.0574945e-001 -2.1059218e-001
 -3.1912035e-001 -1.9684671e-001
 -3.2819519e-001 -2.2933800e-001
 -3.1662208e-001 -2.1099717e-001
 -3.1877670e-001 -2.3838831e-001
 -3.1531886e-001 -2.3445791e-001
 -3.1713449e-001 -1.9338813e-001
 -3.1459366e-001 -2.3370934e-001
 -3.1400813e-001 -2.3879626e-001
 -3.0880072e-001 -2.2330640e-001
 -3.0652369e-001 -2.2031940e-001
 -3.2410657e-001 -2.3382408e-001
 -3.2627684e-001 -2.1941262e-001
 -3.2250024e-001 -2.1938276e-001
 -3.1076654e-001 -2.1699406e-001
 -3.1934004e-001 -2.1373726e-001
 -3.1453737e-001 -2.2679549e-001
 -3.2310846e-001 -1.9998633e-001
 -3.1543691e-001 -1.9834282e-001
 -3.1824928e-001 -2.4587457e-001
 -3.2539829e-001 -2.3395243e-001
 -3.0457885e-001 -1.9372766e-001
 -3.1131199e-001 -2.1021073e-001
 -3.1939201e-001 -2.0491221e-001
 -3.2621848e-001 -2.4920928e-001
 -3.1456547e-001 -2.0814874e-001
 -3.2038444e-001 -2.4356669e-001
 -3.0777816e-001 -2.4954901e-001
  9.9487493e-002 -2.2302639e-001
  1.2270560e-001 -2.3094868e-001
  1.0281935e-001 -2.1705722e-001
  1.1154789e-001 -1.6717794e-001
  1.0302764e-001 -1.4914379e-001
  1.0386583e-001 -1.5497440e-001
  1.0969793e-001 -1.1291699e-001
  9.9043403e-002 -8.0104555e-002
  1.1250762e-001 -5.8132370e-002
  1.1303584e-001 -2.4857009e-002
  1.2065149e-001 -2.5502696e-002
  1.0498718e-001  1.0311494e-002
  1.1206049e-001  2.5775925e-002
  1.1263415e-001  4.2624270e-002
  1.1898809e-001  7.7012575e-002
  1.1779139e-001  7.9494448e-002
  1.1525196e-001  1.2239683e-001
  1.0198651e-001  1.4249124e-001
  1.1678772e-001  1.4230825e-001
  1.1444408e-001  1.7435743e-001
  1.0349778e-001  1.6858555e-001
  1.0358364e-001  1.6661935e-001
  1.0055559e-001  1.7205262e-001
  1.1316454e-001  1.8260238e-001
  1.1727085e-001  2.1893756e-001
  1.1069724e-001  2.4888324e-001
  1.1022633e-001  2.0985358e-001
  1.1075934e-001  2.5382655e-001
  1.1978930e-001  2.4057480e-001
  1.1981915e-001  2.3172089e-001
  1.1360985e-001  2.2757266e-001
  1.2276440e-001  2.3975075e-001
  1.1742551e-001  2.5126890e-001
  1.0035907e-001  2.6491984e-001
  9.9150623e-002  2.8642046e-001
  1.1091139e-001  2.4987273e-001
  1.0179298e-001  2.9468687e-001
  1.0483170e-001  2.8625353e-001
  1.0759322e-001  2.6637788e-001
  1.2282737e-001  2.9716863e-001
  1.1174801e-001  3.0415768e-001
  1.2232714e-001  2.7523297e-001
  9.9816416e-002  2.9315855e-001
  1.2087504e-001  2.6925189e-001
  1.2250161e-001  2.6052636e-001
  1.1851554e-001  2.7419636e-001
  1.0730384e-001  2.8596822e-001
  1.1141059e-001  2.8229962e-001
  1.2190428e-001  2.9620161e-001
  1.0364545e-001  2.7945755e-001
  1.0775209e-001  3.0308361e-001
  1.0365496e-001  2.9633857e-001
  1.1620763e-001  2.9693876e-001
  1.1266149e-001  2.9245844e-001
  1.0220229e-001  3.2554603e-001
  1.0773903e-001  2.6915332e-001
  1.1319354e-001  2.7195174e-001
  1.1873431e-001  2.8606448e-001
  1.0388210e-001  3.0233666e-001
  1.1914111e-001  2.8349908e-001
  1.2057005e-001  2.8542713e-001
  1.1120335e-001  3.1839118e-001
  1.1432862e-001  2.8994853e-001
  1.1522596e-001  3.1397208e-001
  1.1890506e-001  2.6854426e-001
  1.1832510e-001  2.8988386e-001
  1.1347393e-001  2.8958922e-001
  1.1364842e-001  2.8638603e-001
  1.1544189e-001  3.2438501e-001
  3.0787341e-001  2.8789323e-001
  3.1858668e-001  2.9933111e-001
  3.1500066e-001  3.1278932e-001
  3.0613718e-001  3.5897785e-001
  3.2383961e-001  3.4534078e-001
  3.1299180e-001  3.9875282e-001
  3.1452580e-001  4.0070063e-001
  3.0933797e-001  4.8309044e-001
  3.2218473e-001  5.2485925e-001
  3.0783845e-001  5.1754350e-001
  3.2098456e-001  5.6641293e-001
  3.0398573e-001  5.6826385e-001
  3.2200241e-001  6.4426876e-001
  3.1138674e-001  6.3811040e-001
  3.1554689e-001  6.8606802e-001
  3.0446153e-001  7.2298032e-001
  3.0586525e-001  7.2765519e-001
  3.2241292e-001  7.2318380e-001
  3.0872930e-001  7.7230346e-001
  3.2512300e-001  7.8786123e-001
  3.0206366e-001  8.0795115e-001
  3.2502230e-001  7.9713368e-001
  3.2492002e-001  8.0904000e-001
  3.0833096e-001  8.0647015e-001
  3.1812726e-001  8.1694315e-001
  3.1638279e-001  8.6839472e-001
  3.1659332e-001  8.6171686e-001
  3.1001785e-001  8.9388627e-001
  3.0433313e-001  8.9408672e-001
  3.1842044e-001  8.5883425e-001
  3.1704565e-001  8.8683004e-001
  3.0825667e-001  8.6253679e-001
  3.2417111e-001  8.8156225e-001
  3.1987871e-001  8.8655365e-001
  3.2470634e-001  9.2464590e-001
  3.0864423e-001  9.3424117e-001
  3.2126093e-001  8.8200521e-001
  3.2138026e-001  9.3117168e-001
  3.1001595e-001  9.0998092e-001
  3.1862566e-001  8.8924420e-001
  3.2071667e-001  8.9805763e-001
  3.1820288e-001  8.9285815e-001
  3.2342993e-001  9.3800894e-001
  3.1557503e-001  9.1012017e-001
  3.0741248e-001  9.4426908e-001
  3.0981050e-001  9.0613622e-001
  3.1747167e-001  9.5696145e-001
  3.0584349e-001  9.3215049e-001
  3.2166566e-001  9.4820192e-001
  3.2491836e-001  9.2087019e-001
  3.1576172e-001  9.4234287e-001
  3.1163659e-001  9.5179123e-001
  3.2141773e-001  9.5988579e-001
  3.1649072e-001  9.4045158e-001
  3.1762999e-001  9.5046515e-001
  3.1419572e-001  9.3046460e-001
  3.0866407e-001  9.3892965e-001
  3.2348800e-001  9.6311934e-001
  3.1503835e-001  9.1003529e-001
  3.1655648e-001  9.3391187e-001
  3.0677663e-001  9.4862892e-001
  3.1336264e-001  9.4097279e-001
  3.1030186e-001  9.4815609e-001
  3.1915692e-001  9.3380829e-001
  3.2353403e-001  9.2019200e-001
  3.1984731e-001  9.1038445e-001
  3.2367862e-001  9.2412201e-001
  3.2410643e-001  9.5415086e-001
  3.2565109e-001  9.0840062e-001
  3.5771634e-001  9.4078174e-001
  3.4105421e-001  9.5061127e-001
  3.3965764e-001  9.1676873e-001
  3.3955269e-001  9.5457709e-001
  3.5167630e-001  9.6913554e-001
  3.4534811e-001  9.4284892e-001
  3.3969953e-001  9.7763566e-001
  3.5082951e-001  9.5036449e-001
  3.5327255e-001  9.7138425e-001
  3.4375793e-001  9.6979249e-001
  3.5686857e-001  9.8603497e-001
  3.4491446e-001  1.0197961e+000
  3.5103967e-001  9.8458928e-001
  3.6159686e-001  1.0005952e+000
  3.5435521e-001  9.9249324e-001
  3.5607917e-001  1.0060806e+000
  3.4688069e-001  1.0019498e+000
  3.5923455e-001  1.0380618e+000
  3.5265231e-001  1.0300548e+000
  3.4181624e-001  1.0490149e+000
  3.4999124e-001  1.0032813e+000
  3.4926464e-001  1.0093216e+000
  3.4833316e-001  1.0179678e+000
  3.4021397e-001  1.0467843e+000
  3.4536144e-001  1.0129480e+000
  3.5456987e-001  1.0125915e+000
  3.4016729e-001  1.0136835e+000
  3.4988494e-001  1.0523802e+000
  3.5088823e-001  1.0378722e+000
  3.4024210e-001  1.0478936e+000
  3.5316050e-001  1.0519886e+000
  3.4957571e-001  1.0219846e+000
  3.5265344e-001  1.0370754e+000
  3.5692218e-001  1.0780040e+000
  3.6146025e-001  1.0725405e+000
  3.4171795e-001  1.0227906e+000
  3.4786670e-001  1.0488679e+000
  3.5209306e-001  1.0585918e+000
  3.4395026e-001  1.0748904e+000
  3.4170396e-001  1.0596490e+000
  3.4536011e-001  1.0323353e+000
  3.5302740e-001  1.0455779e+000
  3.4234601e-001  1.0304478e+000
  3.4765536e-001  1.0637314e+000
  3.5585766e-001  1.0695133e+000
  3.5190581e-001  1.0625811e+000
  3.5886992e-001  1.0573273e+000
  3.5338943e-001  1.0649072e+000
  3.5827572e-001  1.0289278e+000
  3.5805139e-001  1.0655748e+000
  3.6202604e-001  1.0328139e+000
  3.3981445e-001  1.0396155e+000
  3.4985954e-001  1.0339199e+000
  3.3998635e-001  1.0715939e+000
  3.4560788e-001  1.0737691e+000
  3.4622356e-001  1.0264861e+000
  3.5964842e-001  1.0654214e+000
  3.5738167e-001  1.0647975e+000
  3.5264112e-001  1.0654467e+000
  3.4052741e-001  1.0640727e+000
  3.5242825e-001  1.0389723e+000
  3.5911309e-001  1.0379102e+000
  3.6213756e-001  1.0695320e+000
  3.5420660e-001  1.0697946e+000
  3.5614757e-001  1.0684868e+000
  3.5534257e-001  1.0510097e+000
  3.5343529e-001  1.0641042e+000
  3.5396121e-001  1.0758013e+000
  3.4722206e-001  1.0412663e+000
  4.6833440e-001  1.0488781e+000
  4.5097258e-001  1.0787715e+000
  4.5347889e-001  1.0879631e+000
  4.6108307e-001  1.0852910e+000
  4.5021646e-001  1.0635178e+000
  4.6538335e-001  1.1336412e+000
  4.6480694e-001  1.1214737e+000
  4.6638579e-001  1.1252296e+000
  4.6865877e-001  1.1363461e+000
  4.6115804e-001  1.1520321e+000
  4.5754045e-001  1.2174089e+000
  4.5204450e-001  1.1859626e+000
  4.5918704e-001  1.2160450e+000
  4.6720867e-001  1.2294325e+000
  4.5946878e-001  1.2324245e+000
  4.5643499e-001  1.2456997e+000
  4.5844441e-001  1.2738246e+000
  4.6958873e-001  1.2906715e+000
  4.5324836e-001  1.2926232e+000
  4.6814569e-001  1.3099440e+000
  4.6183184e-001  1.3437089e+000
  4.6213396e-001  1.3069839e+000
  4.6617138e-001  1.3265075e+000
  4.5674503e-001  1.3446648e+000
  4.5470371e-001  1.3692518e+000
  4.4731257e-001  1.3311733e+000
  4.6699891e-001  1.3420228e+000
  4.5985838e-001  1.3567739e+000
  4.6700990e-001  1.3792547e+000
  4.6878505e-001  1.3450319e+000
  4.6220277e-001  1.3847808e+000
  4.5030896e-001  1.3662182e+000
  4.5627604e-001  1.3857804e+000
  4.5394671e-001  1.3798654e+000
  4.6837740e-001  1.3926133e+000
  4.5883016e-001  1.3932684e+000
  4.6075472e-001  1.3834173e+000
  4.5459815e-001  1.3883858e+000
  4.5817204e-001  1.3981481e+000
  4.5786574e-001  1.3637830e+000
  4.5563913e-001  1.4143089e+000
  4.5678405e-001  1.3778407e+000
  4.6063506e-001  1.3808548e+000
  4.5793083e-001  1.4064150e+000
  4.4698366e-001  1.3848341e+000
  4.5162894e-001  1.3766164e+000
  4.4784949e-001  1.4043599e+000
  4.5024743e-001  1.3916997e+000
  4.6098137e-001  1.3854651e+000
  4.5396577e-001  1.4179595e+000
  4.4707813e-001  1.3684120e+000
  4.6227069e-001  1.3730461e+000
  4.6389193e-001  1.3764772e+000
  4.5174982e-001  1.4004839e+000
  4.5539283e-001  1.4175012e+000
  4.6957918e-001  1.3937899e+000
  4.6674179e-001  1.3910107e+000
  4.5648590e-001  1.3760883e+000
  4.4592652e-001  1.4081822e+000
  4.6744043e-001  1.3729706e+000
  4.4756869e-001  1.4171042e+000
  4.5454897e-001  1.3929831e+000
  4.6560972e-001  1.3708715e+000
  4.5808941e-001  1.4260705e+000
  4.4689764e-001  1.4104598e+000
  4.5048492e-001  1.3751125e+000
  4.6424032e-001  1.4187545e+000
  4.4845890e-001  1.3975516e+000
  4.5001625e-001  1.4167961e+000
  8.7317868e-002  1.3892928e+000
  8.7075681e-002  1.4015153e+000
  6.6482156e-002  1.3937919e+000
  6.5942933e-002  1.3621487e+000
  8.4785323e-002  1.2836361e+000
  8.8999636e-002  1.2453821e+000
  7.9609891e-002  1.1451326e+000
  6.7633699e-002  1.0787957e+000
  8.7212630e-002  1.0362827e+000
  8.4908119e-002  9.6194884e-001
  8.7696095e-002  9.2667771e-001
  7.6056923e-002  8.5207908e-001
  6.5494582e-002  8.1710582e-001
  6.6054348e-002  7.5419349e-001
  7.1026287e-002  7.2559411e-001
  8.6444631e-002  6.6635911e-001
  8.5703382e-002  6.4202668e-001
  7.1033871e-002  5.6519679e-001
  7.2612524e-002  5.2810259e-001
  6.6251295e-002  4.9528234e-001
  7.9163528e-002  4.9025904e-001
  7.3453008e-002  4.4009618e-001
  7.6979000e-002  4.2171185e-001
  7.1706526e-002  3.8466062e-001
  8.5497586e-002  4.1669863e-001
  7.8306620e-002  3.8642067e-001
  8.4207888e-002  3.4789250e-001
  8.8512560e-002  3.6929658e-001
  8.0769587e-002  3.4607962e-001
  8.5774568e-002  3.3250736e-001
  8.2155095e-002  2.7470442e-001
  8.2233762e-002  3.1126150e-001
  7.3626713e-002  3.0579057e-001
  7.2396156e-002  2.5090039e-001
  6.5439005e-002  2.9448612e-001
  8.8034633e-002  2.8120504e-001
  8.3842830e-002  2.5064684e-001
  7.8233786e-002  2.4941104e-001
  8.6179662e-002  2.7325251e-001
  8.1064658e-002  2.6635986e-001
  6.7631220e-002  2.1801262e-001
  6.7770061e-002  2.4341031e-001
  6.7086534e-002  2.4166368e-001
  6.6646335e-002  2.3775458e-001
  8.7305679e-002  2.1969942e-001
  8.7881457e-002  2.1860707e-001
  6.8034545e-002  2.1182061e-001
  7.3998147e-002  1.9724648e-001
  8.3648976e-002  2.0671881e-001
  7.8618233e-002  2.3203984e-001
  7.4638740e-002  1.9250067e-001
  7.0006855e-002  1.9017788e-001
  7.6985404e-002  2.0191540e-001
  7.7097266e-002  2.0068876e-001
  8.6694212e-002  1.9072807e-001
  8.6407360e-002  1.8198392e-001
  7.2233336e-002  2.0459820e-001
  6.4949373e-001  2.0935000e-001
