 -1.8951281e-003  8.0650058e-003
 -2.1335833e-003 -2.0272191e-002
 -1.1083507e-002  2.8911648e-002
 -1.4941181e-003  1.6881079e-002
  3.9765975e-003 -8.1284196e-004
  1.8642532e-003 -1.1662891e-002
 -1.1488073e-002 -2.5985504e-002
 -4.1138207e-003  3.3232566e-003
 -5.0841444e-003 -2.8093266e-002
  2.5116133e-003 -4.8872396e-003
 -1.5883306e-001 -1.4761881e-002
 -1.7463240e-001 -2.8172510e-002
 -1.7490248e-001 -5.6152000e-003
 -1.7093463e-001  1.5252772e-003
 -1.7603334e-001 -3.0722155e-002
 -1.7652517e-001 -2.5242275e-002
 -1.6695240e-001 -4.4607807e-002
 -1.8024195e-001 -6.6469189e-002
 -1.7021311e-001 -6.5479805e-002
 -1.7016894e-001 -7.6177709e-002
 -1.5788686e-001 -9.6314242e-002
 -1.6639003e-001 -1.3114936e-001
 -1.6890067e-001 -1.2714575e-001
 -1.7422467e-001 -1.6342848e-001
 -1.5979379e-001 -1.4090459e-001
 -1.6462863e-001 -1.5639342e-001
 -1.7919577e-001 -1.5633223e-001
 -1.6562916e-001 -2.0755429e-001
 -1.6112640e-001 -2.0318257e-001
 -1.6350031e-001 -2.2711235e-001
 -1.6232994e-001 -2.2742147e-001
 -1.6081924e-001 -2.4384040e-001
 -1.7217155e-001 -2.2730181e-001
 -1.7503745e-001 -2.2007427e-001
 -1.5985372e-001 -2.1518136e-001
 -1.7546041e-001 -2.4682410e-001
 -1.6851672e-001 -2.1810341e-001
 -1.7815193e-001 -2.7493242e-001
 -1.6998789e-001 -2.7541937e-001
 -1.7956276e-001 -2.5161549e-001
 -1.7808065e-001 -2.8705324e-001
 -1.6150107e-001 -2.8142011e-001
 -1.6840511e-001 -2.8416040e-001
 -1.7964137e-001 -2.5174020e-001
 -1.7701090e-001 -2.7273605e-001
 -1.8027073e-001 -2.7223845e-001
 -1.6560822e-001 -2.4626248e-001
 -1.6656394e-001 -2.5350557e-001
 -1.6938958e-001 -2.8460150e-001
 -1.7518038e-001 -2.6456979e-001
 -1.6210788e-001 -2.8826202e-001
 -1.6164578e-001 -2.9718277e-001
 -1.6610322e-001 -2.4729509e-001
 -1.7098350e-001 -2.4901678e-001
 -1.7479707e-001 -2.9294873e-001
 -1.6097795e-001 -2.8055853e-001
 -1.5948490e-001 -2.9168133e-001
 -1.7580078e-001 -2.7857970e-001
 -1.6220509e-001 -2.5908779e-001
 -1.7365500e-001 -2.5875445e-001
 -1.7519714e-001 -2.7424386e-001
 -1.6213689e-001 -2.8096902e-001
 -1.7256793e-001 -2.6401005e-001
 -1.7439819e-001 -2.9741274e-001
 -1.7221394e-001 -3.0569092e-001
 -1.7225701e-001 -2.5875391e-001
 -1.6701998e-001 -2.6399622e-001
 -1.6543704e-001 -3.0628054e-001
 -1.6192769e-001 -2.9602851e-001
 -1.7166256e-001 -2.9044603e-001
 -1.6983369e-001 -2.5603390e-001
 -1.5748209e-001 -3.0104928e-001
 -1.7794479e-001 -2.7133088e-001
 -1.7557359e-001 -2.8423770e-001
 -1.7487792e-001 -2.9941957e-001
 -1.7109157e-001 -2.9621216e-001
 -1.6346895e-001 -2.9410050e-001
 -1.7086510e-001 -2.7337669e-001
 -1.6651954e-001 -2.8099569e-001
  9.5618744e-001 -2.6534940e-001
  9.5438589e-001 -2.6566771e-001
  9.6002306e-001 -1.8604809e-001
  9.4947215e-001 -8.2476530e-002
  9.5139987e-001  4.2403060e-002
  9.5964970e-001  2.2423388e-001
  9.5064392e-001  4.3185866e-001
  9.6224563e-001  5.7356845e-001
  9.6956413e-001  7.9311554e-001
  9.5273636e-001  9.3771657e-001
  9.6098235e-001  1.1149628e+000
  9.7165815e-001  1.2804041e+000
  9.5587069e-001  1.4547064e+000
  9.6489032e-001  1.5734135e+000
  9.5776512e-001  1.7646457e+000
  9.7233887e-001  1.8644020e+000
  9.7135795e-001  2.0118821e+000
  9.6129037e-001  2.0718694e+000
  9.5701449e-001  2.1646954e+000
  9.5474822e-001  2.2758175e+000
  9.5596948e-001  2.3512614e+000
  9.5354743e-001  2.4427537e+000
  9.4895822e-001  2.5374226e+000
  9.5692368e-001  2.5843884e+000
  9.6163509e-001  2.6049375e+000
  9.6245827e-001  2.7081677e+000
  9.6563263e-001  2.7577206e+000
  9.6119496e-001  2.7634312e+000
  9.6594091e-001  2.8306056e+000
  9.5359150e-001  2.8201273e+000
  9.7127674e-001  2.8648234e+000
  9.6649233e-001  2.8829105e+000
  9.5952146e-001  2.9518659e+000
  9.6229332e-001  2.9582441e+000
  9.7002542e-001  2.9664986e+000
  9.5508149e-001  3.0062159e+000
  9.5399041e-001  2.9987061e+000
  9.5770041e-001  3.0430317e+000
  9.7017831e-001  3.0702789e+000
  9.5375079e-001  3.0549317e+000
  9.6718359e-001  3.0803177e+000
  9.5982189e-001  3.0690540e+000
  9.5451991e-001  3.0894238e+000
  9.5417300e-001  3.0784722e+000
  9.7179003e-001  3.1243183e+000
  9.5010199e-001  3.0765902e+000
  9.6468064e-001  3.1189160e+000
  9.6935960e-001  3.1364386e+000
  9.5304569e-001  3.1409238e+000
  9.6808218e-001  3.1458756e+000
  9.5075088e-001  3.1183919e+000
  9.6965185e-001  3.1576249e+000
  9.4921795e-001  3.1592287e+000
  9.5995788e-001  3.1133706e+000
  9.5914787e-001  3.1488538e+000
  9.6628637e-001  3.1348660e+000
  9.5943339e-001  3.1741034e+000
  9.5658117e-001  3.1490045e+000
  9.7252202e-001  3.1421442e+000
  9.5619934e-001  3.1819431e+000
  9.6096408e-001  3.1318300e+000
  9.4964104e-001  3.1544733e+000
  9.6581813e-001  3.1465158e+000
  9.5235737e-001  3.1367584e+000
  9.7085758e-001  3.1649767e+000
  9.5491741e-001  3.1706797e+000
  9.4938904e-001  3.1573237e+000
  9.6189864e-001  3.1732304e+000
  9.5657505e-001  3.1812061e+000
  5.8170413e-001  3.1454353e+000
  5.6784584e-001  3.1584513e+000
  5.8490738e-001  3.1263017e+000
  5.6742447e-001  3.0693585e+000
  5.8804716e-001  3.0043665e+000
  5.6990625e-001  2.9436762e+000
  5.8395677e-001  2.9103189e+000
  5.8128229e-001  2.8418789e+000
  5.8190671e-001  2.7515303e+000
  5.7563517e-001  2.6773387e+000
  5.8398268e-001  2.6064895e+000
  5.7942001e-001  2.5189460e+000
  5.8843481e-001  2.4487199e+000
  5.8192182e-001  2.4106255e+000
  5.7497048e-001  2.3403682e+000
  5.7008484e-001  2.2913428e+000
  5.8238577e-001  2.2442603e+000
  5.7965935e-001  2.2272659e+000
  5.7781465e-001  2.1880313e+000
  5.7763456e-001  2.1506051e+000
  5.7748220e-001  2.0893036e+000
  5.8469687e-001  2.0635407e+000
  5.7817865e-001  2.0552134e+000
  5.8480194e-001  2.0257185e+000
  5.7030873e-001  1.9750637e+000
  5.8417165e-001  1.9758107e+000
  5.7699465e-001  1.9439424e+000
  5.8467239e-001  1.9412919e+000
  5.8596986e-001  1.9515858e+000
  5.6917478e-001  1.8857784e+000
  5.7872191e-001  1.8786174e+000
  5.8314685e-001  1.8953136e+000
  5.8908565e-001  1.8637254e+000
  5.8081260e-001  1.8744082e+000
  5.7852613e-001  1.8439986e+000
  5.8945030e-001  1.8775138e+000
  5.7282399e-001  1.8354077e+000
  5.7580121e-001  1.8452835e+000
  5.8563052e-001  1.8514188e+000
  5.7399334e-001  1.8171289e+000
  5.7238792e-001  1.8514206e+000
  5.7149522e-001  1.7997786e+000
  5.7698292e-001  1.8149360e+000
  5.7819615e-001  1.8322206e+000
  5.7548560e-001  1.7902153e+000
  5.7446869e-001  1.7963065e+000
  5.8285790e-001  1.7826055e+000
  5.7291119e-001  1.8085362e+000
  5.8824330e-001  1.7971858e+000
  5.7912368e-001  1.7788767e+000
  5.8964011e-001  1.7963146e+000
  5.6785234e-001  1.7677001e+000
  5.7458841e-001  1.7794477e+000
  5.7144036e-001  1.7945828e+000
  5.7369753e-001  1.7910682e+000
  5.7307567e-001  1.7977192e+000
  5.7729935e-001  1.7846945e+000
  5.7269018e-001  1.7628734e+000
  5.6866774e-001  1.7852984e+000
  5.7153345e-001  1.7775378e+000
  5.8946792e-001  1.7709949e+000
  5.6763471e-001  1.8083878e+000
  5.6812555e-001  1.7597004e+000
  5.7259676e-001  1.7593521e+000
  5.7059153e-001  1.8008884e+000
  5.9103894e-001  1.7693891e+000
  5.8553215e-001  1.7902045e+000
  5.7276298e-001  1.7950572e+000
  5.8986965e-001  1.7871723e+000
  1.9306345e-001  1.7862515e+000
  1.8082245e-001  1.8122462e+000
  1.9336857e-001  1.7761224e+000
  1.9276386e-001  1.7263378e+000
  1.7972804e-001  1.6724060e+000
  1.8922820e-001  1.6047768e+000
  1.8548882e-001  1.5132660e+000
  2.0043571e-001  1.4449261e+000
  1.9725948e-001  1.4280547e+000
  1.8540980e-001  1.3316417e+000
  1.9264066e-001  1.2598850e+000
  1.9889215e-001  1.2132103e+000
  1.9478929e-001  1.1734027e+000
  1.9264305e-001  1.1058074e+000
  1.9581938e-001  1.0308508e+000
  1.8253999e-001  1.0210193e+000
  1.9730538e-001  9.4259336e-001
  1.8057720e-001  9.1705828e-001
  1.8578065e-001  9.0380380e-001
  1.8253332e-001  8.3450769e-001
  1.9849887e-001  8.1959583e-001
  1.9355844e-001  7.9103284e-001
  2.0194875e-001  7.9683179e-001
  1.8210940e-001  7.3113971e-001
  1.9857576e-001  7.0760710e-001
  1.8128582e-001  7.3722579e-001
  1.9564047e-001  7.1456248e-001
  1.8382209e-001  6.8440812e-001
  2.0254960e-001  6.7973521e-001
  1.8716386e-001  6.7730651e-001
  1.8360255e-001  6.3249141e-001
  1.9851007e-001  6.6649681e-001
  2.0030327e-001  6.0938671e-001
  1.8085989e-001  6.4520567e-001
  2.0155917e-001  5.9120908e-001
  1.9792874e-001  5.8732045e-001
  1.8859345e-001  5.7945308e-001
  1.9496638e-001  5.9300439e-001
  1.8092393e-001  5.8054045e-001
  2.0177548e-001  5.9948356e-001
  1.8189785e-001  5.7337308e-001
  1.8519687e-001  6.0490051e-001
  1.8825893e-001  5.5380020e-001
  1.8177125e-001  5.8336835e-001
  1.9124734e-001  5.8697842e-001
  1.8238918e-001  5.7960246e-001
  1.9732742e-001  5.6284672e-001
  2.0153557e-001  5.4818332e-001
  1.8265427e-001  5.3874074e-001
  1.8411910e-001  5.4236925e-001
  1.8920621e-001  5.4010080e-001
  1.9835637e-001  5.6555284e-001
  1.9236211e-001  5.7864831e-001
  1.8374493e-001  5.6018649e-001
  1.8604327e-001  5.6716618e-001
  1.8517451e-001  5.3147812e-001
  1.9112862e-001  5.7931603e-001
  1.8965461e-001  5.5713427e-001
  1.8509406e-001  5.2351481e-001
  1.9044316e-001  5.5189800e-001
  1.9783490e-001  5.3249428e-001
  2.0241502e-001  5.4354692e-001
  1.8181668e-001  5.3014839e-001
  1.8655889e-001  5.5917410e-001
  1.9294371e-001  5.2294949e-001
  1.9983335e-001  5.7616137e-001
  1.8323050e-001  5.6606571e-001
  2.0026609e-001  5.2940814e-001
  1.8561296e-001  5.2636793e-001
 -2.7491352e-001  5.2779742e-001
 -2.9321163e-001  5.5142055e-001
 -2.7543301e-001  5.3013330e-001
 -2.7119164e-001  5.1835897e-001
 -2.7505299e-001  4.8753606e-001
 -2.8925486e-001  4.2889418e-001
 -2.8690000e-001  4.0715169e-001
 -2.8591661e-001  3.6127686e-001
 -2.9096858e-001  2.7577232e-001
 -2.7646319e-001  2.4878224e-001
 -2.9029620e-001  2.2262922e-001
 -2.9040452e-001  1.5317096e-001
 -2.8057832e-001  1.3022818e-001
 -2.9186960e-001  1.2175890e-001
 -2.9223230e-001  7.9898004e-002
 -2.8576344e-001  6.6929811e-002
 -2.7293321e-001  1.3537268e-002
 -2.7253697e-001 -1.4916458e-002
 -2.9368000e-001 -4.3553903e-002
 -2.8636684e-001 -7.2829785e-002
 -2.7744651e-001 -5.5381752e-002
 -2.9078760e-001 -1.2893011e-001
 -2.7476731e-001 -1.0356218e-001
 -2.8401991e-001 -1.1585124e-001
 -2.9116414e-001 -1.3456023e-001
 -2.7388272e-001 -1.7065349e-001
 -2.8899601e-001 -1.7387584e-001
 -2.9277999e-001 -1.5341223e-001
 -2.9079998e-001 -1.9683432e-001
 -2.8297050e-001 -1.9942329e-001
 -2.9214129e-001 -2.1012782e-001
 -2.7757051e-001 -1.8795651e-001
 -2.7421771e-001 -1.9859225e-001
 -2.8616911e-001 -2.3395381e-001
 -2.7429528e-001 -2.4520539e-001
 -2.8628583e-001 -2.3088908e-001
 -2.8526542e-001 -2.5979644e-001
 -2.8201631e-001 -2.0942608e-001
 -2.7565559e-001 -2.2903704e-001
 -2.7815877e-001 -2.4577570e-001
 -2.7741909e-001 -2.4685962e-001
 -2.8287914e-001 -2.7262350e-001
 -2.7285056e-001 -2.5679075e-001
 -2.7547404e-001 -2.6184740e-001
 -2.7025850e-001 -2.5709238e-001
 -2.7399632e-001 -2.3145074e-001
 -2.7805868e-001 -2.6785874e-001
 -2.8662161e-001 -2.3749490e-001
 -2.7360018e-001 -2.3416700e-001
 -2.9115949e-001 -2.6346701e-001
 -2.7803769e-001 -2.6471540e-001
 -2.8792834e-001 -2.5043995e-001
 -2.8429425e-001 -2.3806428e-001
 -2.7953620e-001 -2.7919014e-001
 -2.7833331e-001 -2.7284839e-001
 -2.7341735e-001 -2.6856542e-001
 -2.8093997e-001 -2.6846761e-001
 -2.7109779e-001 -2.6495509e-001
 -2.7322098e-001 -2.6870815e-001
 -2.7329129e-001 -2.8725337e-001
 -2.7942465e-001 -2.9428770e-001
 -2.7683180e-001 -2.3787452e-001
 -2.7520636e-001 -2.6231105e-001
 -2.9179830e-001 -2.6058539e-001
 -2.8293828e-001 -2.4897011e-001
 -2.8168865e-001 -2.6827799e-001
 -2.8791786e-001 -2.5592597e-001
 -2.8031357e-001 -2.7508895e-001
 -2.8001492e-001 -2.6981207e-001
  5.5309599e-001 -2.9177710e-001
  5.5740446e-001 -2.8388773e-001
  5.6763296e-001 -2.4029592e-001
  5.4908969e-001 -1.7554716e-001
  5.6487003e-001 -9.7831840e-002
  5.5386230e-001  4.2246445e-002
  5.6475519e-001  1.0361480e-001
  5.6239913e-001  2.2281233e-001
  5.5232165e-001  3.3995839e-001
  5.6199547e-001  4.5666396e-001
  5.5192200e-001  5.6291914e-001
  5.6362724e-001  6.2145584e-001
  5.4903636e-001  7.1395879e-001
  5.6801768e-001  8.1029487e-001
  5.5184950e-001  8.6709215e-001
  5.6579616e-001  9.7285115e-001
  5.6847084e-001  1.0626283e+000
  5.5131955e-001  1.0878769e+000
  5.6695539e-001  1.1527513e+000
  5.5940865e-001  1.2132594e+000
  5.5882365e-001  1.2738483e+000
  5.5331526e-001  1.2983259e+000
  5.5081562e-001  1.3290297e+000
  5.6651089e-001  1.3783367e+000
  5.6620267e-001  1.4294360e+000
  5.5531397e-001  1.4134420e+000
  5.4739403e-001  1.4814225e+000
  5.4605654e-001  1.5102543e+000
  5.6398441e-001  1.5083091e+000
  5.6182908e-001  1.5495235e+000
  5.5519535e-001  1.5635129e+000
  5.5732213e-001  1.5670241e+000
  5.5969183e-001  1.5528575e+000
  5.5105071e-001  1.5906110e+000
  5.4804913e-001  1.5803518e+000
  5.6057338e-001  1.5873529e+000
  5.6706421e-001  1.6413816e+000
  5.4591763e-001  1.6190163e+000
  5.6722213e-001  1.6407360e+000
  5.5336673e-001  1.6352246e+000
  5.4651880e-001  1.6523549e+000
  5.6734544e-001  1.6870429e+000
  5.4669921e-001  1.6376137e+000
  5.5001859e-001  1.6694728e+000
  5.5101279e-001  1.6441542e+000
  5.6273325e-001  1.6747473e+000
  5.5203631e-001  1.6671965e+000
  5.4820094e-001  1.6618688e+000
  5.5939453e-001  1.6766926e+000
  5.6828416e-001  1.6663252e+000
  5.6570879e-001  1.6749107e+000
  5.5903642e-001  1.6989077e+000
  5.6405697e-001  1.6736799e+000
  5.6606570e-001  1.6850658e+000
  5.6669291e-001  1.6735458e+000
  5.4697695e-001  1.6981687e+000
  5.5895572e-001  1.6757230e+000
  5.4932642e-001  1.7150113e+000
  5.4880813e-001  1.6936251e+000
  5.4830252e-001  1.7291868e+000
  5.6588797e-001  1.6871979e+000
  5.6806394e-001  1.7318561e+000
  5.6315789e-001  1.6862591e+000
  5.5418993e-001  1.6920078e+000
  5.4740705e-001  1.7316179e+000
  5.5885083e-001  1.7184332e+000
  5.6116834e-001  1.7260473e+000
  5.4732769e-001  1.6913749e+000
  5.5644865e-001  1.6844329e+000
 -7.7323142e-002  1.7302990e+000
 -7.7618104e-002  1.7053974e+000
 -6.5578543e-002  1.6669412e+000
 -7.8638980e-002  1.6122868e+000
 -6.1400065e-002  1.5218586e+000
 -6.7377882e-002  1.4498424e+000
 -6.9691204e-002  1.3363481e+000
 -8.0478311e-002  1.2403169e+000
 -7.0865386e-002  1.1195256e+000
 -6.4771853e-002  1.0680631e+000
 -7.3914131e-002  9.7326827e-001
 -8.0401397e-002  8.4282990e-001
 -6.8794083e-002  7.7507581e-001
 -7.1498028e-002  6.7081531e-001
 -6.1853900e-002  5.8851742e-001
 -6.7010147e-002  5.3522799e-001
 -7.9679551e-002  4.8360213e-001
 -8.2196330e-002  4.2445476e-001
 -6.4695276e-002  3.5465448e-001
 -8.4067428e-002  3.4015415e-001
 -6.8501792e-002  2.9481661e-001
 -6.2144616e-002  2.2980282e-001
 -7.1867814e-002  2.2056073e-001
 -6.3721569e-002  1.7918262e-001
 -6.1769030e-002  1.4965799e-001
 -8.0139164e-002  1.3032896e-001
 -8.3111332e-002  7.4312103e-002
 -6.3608407e-002  5.4702020e-002
 -6.2402418e-002  5.2376989e-002
 -6.3998091e-002  2.3776608e-002
 -7.7289292e-002 -5.7932748e-003
 -7.3639964e-002  6.5478807e-003
 -8.3631197e-002  2.4399656e-003
 -6.1111000e-002 -5.7815733e-002
 -6.7965769e-002 -6.3134642e-002
 -8.1240379e-002 -3.8238395e-002
 -8.1347967e-002 -7.0221011e-002
 -7.6290769e-002 -8.2641051e-002
 -6.8431984e-002 -8.9926327e-002
 -6.1478438e-002 -1.2071802e-001
 -7.7458553e-002 -1.2251336e-001
 -6.5710024e-002 -1.0597574e-001
 -7.6233193e-002 -8.2367767e-002
 -7.0177108e-002 -9.4422437e-002
 -7.0307134e-002 -1.3605671e-001
 -7.1215131e-002 -9.8256264e-002
 -7.8972475e-002 -9.5856781e-002
 -6.1168911e-002 -1.1862362e-001
 -7.8868962e-002 -1.3439673e-001
 -7.7796311e-002 -1.5772072e-001
 -7.6280462e-002 -1.4103097e-001
 -8.1583444e-002 -1.2730211e-001
 -8.0696865e-002 -1.3401968e-001
 -6.7086501e-002 -1.3159254e-001
 -6.3573589e-002 -1.2263968e-001
 -7.3711678e-002 -1.3835320e-001
 -6.1614602e-002 -1.4825438e-001
 -7.6836773e-002 -1.1916267e-001
 -7.4856166e-002 -1.4974753e-001
 -8.3440859e-002 -1.4492207e-001
 -8.3475650e-002 -1.4949132e-001
 -8.2673235e-002 -1.6202856e-001
 -7.9935340e-002 -1.4289684e-001
 -6.8613715e-002 -1.3408956e-001
 -6.6665094e-002 -1.5346628e-001
 -7.5729863e-002 -1.3197414e-001
 -7.2336655e-002 -1.6423302e-001
 -7.2015728e-002 -1.3809788e-001
 -6.4542879e-002 -1.4030602e-001
  3.4995394e-001 -1.6379303e-001
  3.3869773e-001 -1.2197635e-001
  3.3726485e-001 -1.5752935e-001
  3.3915323e-001 -9.0908958e-002
  3.4547390e-001 -6.6470659e-003
  3.5083637e-001 -2.1520664e-003
  3.5255151e-001  6.6648998e-002
  3.3804753e-001  1.3186376e-001
  3.5024392e-001  2.2166657e-001
  3.3852688e-001  2.5406104e-001
  3.5672408e-001  3.6182535e-001
  3.5764701e-001  3.9661997e-001
  3.5607162e-001  4.6952642e-001
  3.3983244e-001  4.9373880e-001
  3.4370558e-001  5.4357282e-001
  3.4392575e-001  5.8617759e-001
  3.3652715e-001  6.1104319e-001
  3.4683403e-001  6.7534242e-001
  3.4927719e-001  7.2693512e-001
  3.3647805e-001  7.2723053e-001
  3.4316948e-001  7.7442330e-001
  3.5803056e-001  8.0834046e-001
  3.5498913e-001  8.1606562e-001
  3.4730269e-001  8.1678062e-001
  3.3986719e-001  8.4047470e-001
  3.5161926e-001  8.5734211e-001
  3.3936029e-001  8.7746254e-001
  3.5916457e-001  8.9161676e-001
  3.4585130e-001  9.4287638e-001
  3.3676369e-001  9.4780515e-001
  3.4358554e-001  9.5293167e-001
  3.3678294e-001  9.4268354e-001
  3.4225955e-001  9.4996931e-001
  3.3689644e-001  9.8451557e-001
  3.3912951e-001  9.9875866e-001
  3.4038924e-001  9.8863638e-001
  3.5556043e-001  9.8078175e-001
  3.4458836e-001  9.7813580e-001
  3.5939521e-001  1.0333189e+000
  3.4278033e-001  1.0380168e+000
  3.5609284e-001  1.0421496e+000
  3.5661322e-001  1.0253028e+000
  3.5305490e-001  1.0095101e+000
  3.4561727e-001  1.0282275e+000
  3.5800478e-001  1.0065269e+000
  3.4187614e-001  1.0091843e+000
  3.5525090e-001  1.0422784e+000
  3.5750125e-001  1.0536670e+000
  3.4195654e-001  1.0526194e+000
  3.3987056e-001  1.0047459e+000
  3.5634716e-001  1.0254944e+000
  3.3895408e-001  1.0227500e+000
  3.5576147e-001  1.0518220e+000
  3.3840061e-001  1.0438727e+000
  3.3733923e-001  1.0243727e+000
  3.4401291e-001  1.0164809e+000
  3.4653535e-001  1.0326160e+000
  3.5028500e-001  1.0235174e+000
  3.5321353e-001  1.0598056e+000
  3.3884757e-001  1.0686084e+000
  3.4216083e-001  1.0725099e+000
  3.3989987e-001  1.0510965e+000
  3.4263134e-001  1.0374000e+000
  3.5537381e-001  1.0659452e+000
  3.5827324e-001  1.0421781e+000
  3.4531299e-001  1.0490500e+000
  3.4472515e-001  1.0232206e+000
  3.5730619e-001  1.0290321e+000
  3.5845756e-001  1.0528443e+000
  2.8873986e-001  1.0393652e+000
  2.7294521e-001  1.0654213e+000
  2.7055571e-001  1.0407110e+000
  2.6739076e-001  1.0156540e+000
  2.7272115e-001  1.0132922e+000
  2.7660703e-001  1.0162746e+000
  2.6852802e-001  1.0305353e+000
  2.8590474e-001  1.0017131e+000
  2.9119919e-001  9.8896141e-001
  2.8400273e-001  9.6899561e-001
  2.8562654e-001  9.6519862e-001
  2.8182181e-001  9.7488245e-001
  2.7684374e-001  9.3236093e-001
  2.8035438e-001  9.4359290e-001
  2.7658943e-001  9.2017628e-001
  2.7953977e-001  9.0818840e-001
  2.8928919e-001  8.7685903e-001
  2.6921116e-001  8.8450843e-001
  2.8884768e-001  9.0101503e-001
  2.8066138e-001  9.1072452e-001
  2.7829072e-001  8.9705300e-001
  2.8726017e-001  8.8849980e-001
  2.7526237e-001  8.6644600e-001
  2.7451245e-001  8.6720449e-001
  2.8354911e-001  8.8738267e-001
  2.7330591e-001  8.6276437e-001
  2.6813309e-001  8.4383402e-001
  2.8263683e-001  8.7739389e-001
  2.8603650e-001  8.7106128e-001
  2.8276561e-001  8.5073275e-001
  2.8683890e-001  8.6190301e-001
  2.6951438e-001  8.3867598e-001
  2.6952071e-001  8.2477939e-001
  2.9094926e-001  8.6454142e-001
  2.8500126e-001  8.3913957e-001
  2.7410060e-001  8.3559390e-001
  2.8168429e-001  8.5558850e-001
  2.8345237e-001  8.2108690e-001
  2.8063467e-001  8.6020500e-001
  2.7192132e-001  8.3904219e-001
  2.8291879e-001  8.0966396e-001
  2.7753977e-001  8.5362141e-001
  2.8415920e-001  8.5342871e-001
  2.6888315e-001  8.6034954e-001
  2.8223933e-001  8.5324811e-001
  2.8942655e-001  8.1583669e-001
  2.7895035e-001  8.2183063e-001
  2.9028610e-001  8.1638920e-001
  2.8038126e-001  8.3308340e-001
  2.9042135e-001  8.4594806e-001
  2.8040364e-001  8.4172901e-001
  2.7491077e-001  8.5353702e-001
  2.8664042e-001  8.0384521e-001
  2.8837387e-001  8.0337814e-001
  2.7123348e-001  8.2422178e-001
  2.8950603e-001  8.1355229e-001
  2.8268769e-001  8.1671742e-001
  2.7985258e-001  8.5197558e-001
  2.8959128e-001  8.0365651e-001
  2.7295954e-001  8.2889442e-001
  2.8293251e-001  8.4973853e-001
  2.8686988e-001  8.3083963e-001
  2.7708697e-001  8.0245555e-001
  2.8148236e-001  8.0979388e-001
  2.9128870e-001  8.4248081e-001
  2.6828117e-001  8.3349906e-001
  2.7367471e-001  8.5580810e-001
  2.7098967e-001  8.0309974e-001
  2.8213399e-001  8.1842802e-001
  7.7414305e-001  8.2607552e-001
  7.6905528e-001  8.3285969e-001
  7.6710556e-001  8.6439584e-001
  7.7260042e-001  9.3824425e-001
  7.8170275e-001  9.5968087e-001
  7.6550161e-001  1.0332206e+000
  7.6363178e-001  1.1171402e+000
  7.8215172e-001  1.2164115e+000
  7.6131774e-001  1.2908394e+000
  7.7452741e-001  1.4168169e+000
  7.6467199e-001  1.4553065e+000
  7.7053704e-001  1.5717821e+000
  7.6697910e-001  1.6446384e+000
  7.8134451e-001  1.6930353e+000
  7.7432523e-001  1.7817097e+000
  7.6445265e-001  1.8005247e+000
  7.6605823e-001  1.8776884e+000
  7.7071677e-001  1.9167433e+000
  7.6313893e-001  1.9387057e+000
  7.6920972e-001  2.0272250e+000
  7.7749358e-001  2.0728342e+000
  7.7094915e-001  2.0636250e+000
  7.6078254e-001  2.1279165e+000
  7.8327379e-001  2.1201122e+000
  7.7801263e-001  2.1363099e+000
  7.6932848e-001  2.1779183e+000
  7.6040128e-001  2.2225384e+000
  7.8301196e-001  2.2180714e+000
  7.7867176e-001  2.2760695e+000
  7.7546878e-001  2.2437298e+000
  7.6679282e-001  2.2908685e+000
  7.7971164e-001  2.2733074e+000
  7.6358091e-001  2.3322899e+000
  7.6242398e-001  2.3217201e+000
  7.8221673e-001  2.3193582e+000
  7.7427834e-001  2.3029124e+000
  7.6678660e-001  2.3147897e+000
  7.6899443e-001  2.3469007e+000
  7.7841698e-001  2.3542269e+000
  7.8250832e-001  2.3786128e+000
  7.6870065e-001  2.3674286e+000
  7.7997586e-001  2.3440196e+000
  7.6492720e-001  2.3975522e+000
  7.7107421e-001  2.3521961e+000
  7.6628383e-001  2.3851412e+000
  7.7405166e-001  2.3550098e+000
  7.6778670e-001  2.3910603e+000
  7.7250106e-001  2.3616149e+000
  7.7339924e-001  2.4034965e+000
  7.6626849e-001  2.3832811e+000
  7.7657790e-001  2.4102216e+000
  7.6043591e-001  2.3690667e+000
  7.8336522e-001  2.3822304e+000
  7.7852977e-001  2.4101944e+000
  7.6464933e-001  2.4230557e+000
  7.6848012e-001  2.3703293e+000
  7.8176202e-001  2.4003470e+000
  7.6979526e-001  2.3807877e+000
  7.7361073e-001  2.3768142e+000
  7.8315053e-001  2.4115559e+000
  7.7578410e-001  2.4224583e+000
  7.7187077e-001  2.4109714e+000
  7.7786624e-001  2.4118091e+000
  7.7252043e-001  2.4225721e+000
  7.8174388e-001  2.3857250e+000
  7.7480716e-001  2.3862682e+000
  7.7093158e-001  2.3871899e+000
  7.8026858e-001  2.3829429e+000
  7.6802495e-001  2.3998810e+000
  8.7315565e-001  2.3905222e+000
  8.6139780e-001  2.3869800e+000
  8.7334579e-001  2.4207808e+000
  8.5290353e-001  2.4355141e+000
  8.5515555e-001  2.4701861e+000
  8.7116024e-001  2.4850851e+000
  8.6449799e-001  2.4670807e+000
  8.6224245e-001  2.4898386e+000
  8.7215484e-001  2.5024934e+000
  8.6998558e-001  2.5082873e+000
  8.7171947e-001  2.5212564e+000
  8.5791976e-001  2.5662026e+000
  8.6048423e-001  2.6066624e+000
  8.6297672e-001  2.5979569e+000
  8.6468554e-001  2.6253572e+000
  8.7070406e-001  2.6013552e+000
  8.6391896e-001  2.6119724e+000
  8.5457265e-001  2.6138464e+000
  8.7457691e-001  2.6533602e+000
  8.7232517e-001  2.6629752e+000
  8.6544245e-001  2.6513933e+000
  8.5544815e-001  2.6603282e+000
  8.6874512e-001  2.7098933e+000
  8.7247881e-001  2.6779003e+000
  8.5425461e-001  2.7142854e+000
  8.6093925e-001  2.7200281e+000
  8.6281319e-001  2.6774702e+000
  8.5197554e-001  2.7147073e+000
  8.5165020e-001  2.7101155e+000
  8.5658063e-001  2.6865213e+000
  8.7103359e-001  2.7359647e+000
  8.6901673e-001  2.7482198e+000
  8.5680347e-001  2.7494933e+000
  8.6473901e-001  2.7032391e+000
  8.6556864e-001  2.7449582e+000
  8.7424705e-001  2.7214887e+000
  8.5289321e-001  2.7017638e+000
  8.5145657e-001  2.7476384e+000
  8.5769908e-001  2.7214618e+000
  8.5617238e-001  2.7229943e+000
  8.5411447e-001  2.7087459e+000
  8.5656912e-001  2.7356243e+000
  8.5630837e-001  2.7221895e+000
  8.5971072e-001  2.7108252e+000
  8.6841281e-001  2.7418632e+000
  8.5128874e-001  2.7471899e+000
  8.6694984e-001  2.7475997e+000
  8.7451907e-001  2.7359688e+000
  8.6767877e-001  2.7305155e+000
  8.7294329e-001  2.7370141e+000
  8.5672211e-001  2.7238823e+000
  8.5313860e-001  2.7634172e+000
  8.6788247e-001  2.7576648e+000
  8.5417014e-001  2.7350538e+000
  8.5351770e-001  2.7630226e+000
  8.6766005e-001  2.7237016e+000
  8.7139495e-001  2.7671872e+000
  8.6861514e-001  2.7167180e+000
  8.5507508e-001  2.7548924e+000
  8.7333964e-001  2.7318489e+000
  8.5339811e-001  2.7211014e+000
  8.6473487e-001  2.7207232e+000
  8.5136842e-001  2.7706546e+000
  8.6107671e-001  2.7524933e+000
  8.6766330e-001  2.7469869e+000
  8.7279874e-001  2.7215989e+000
  8.5428742e-001  2.7472352e+000
  8.5718259e-001  2.7223245e+000
  8.6625708e-001  2.7646419e+000
 -6.7977595e-001  2.7451888e+000
 -6.7860214e-001  2.7223174e+000
 -6.9091822e-001  2.7363567e+000
 -6.8782130e-001  2.7232502e+000
 -6.9022621e-001  2.7023702e+000
 -6.7501137e-001  2.6986025e+000
 -6.9402355e-001  2.6644655e+000
 -6.9603447e-001  2.6389076e+000
 -6.8811555e-001  2.6085549e+000
 -6.8310951e-001  2.5954270e+000
 -6.7383336e-001  2.5744051e+000
 -6.8544857e-001  2.5595189e+000
 -6.7852306e-001  2.5754428e+000
 -6.8622874e-001  2.5305588e+000
 -6.8028760e-001  2.5210935e+000
 -6.8582742e-001  2.5285352e+000
 -6.7768852e-001  2.5168519e+000
 -6.9001081e-001  2.4795424e+000
 -6.7438916e-001  2.4896340e+000
 -6.9407276e-001  2.4771738e+000
 -6.8106784e-001  2.4745451e+000
 -6.9023911e-001  2.4186730e+000
 -6.9467403e-001  2.4269230e+000
 -6.8735482e-001  2.4538123e+000
 -6.7455379e-001  2.4222208e+000
 -6.9028976e-001  2.4018052e+000
 -6.9017257e-001  2.3978478e+000
 -6.8223823e-001  2.3970697e+000
 -6.8456906e-001  2.4076378e+000
 -6.7503115e-001  2.4188747e+000
 -6.8862075e-001  2.3703327e+000
 -6.9342731e-001  2.4205157e+000
 -6.8673477e-001  2.4179460e+000
 -6.7679199e-001  2.3739584e+000
 -6.8223630e-001  2.3705026e+000
 -6.7539154e-001  2.4026741e+000
 -6.7933892e-001  2.3927794e+000
 -6.8816147e-001  2.4010244e+000
 -6.7522516e-001  2.3811835e+000
 -6.9087624e-001  2.3508517e+000
 -6.8169042e-001  2.4083298e+000
 -6.8030946e-001  2.3784350e+000
 -6.8544664e-001  2.3537988e+000
 -6.9508980e-001  2.3713244e+000
 -6.9149802e-001  2.4027652e+000
 -6.9277670e-001  2.3914589e+000
 -6.9587070e-001  2.3983191e+000
 -6.9390895e-001  2.3795966e+000
 -6.7399760e-001  2.3764244e+000
 -6.9505091e-001  2.3461308e+000
 -6.8084328e-001  2.3686728e+000
 -6.8302718e-001  2.3700545e+000
 -6.7994808e-001  2.3615605e+000
 -6.7838322e-001  2.3524834e+000
 -6.8560191e-001  2.3875395e+000
 -6.9069910e-001  2.3745539e+000
 -6.7943599e-001  2.3725255e+000
 -6.8107768e-001  2.3463521e+000
 -6.7222094e-001  2.3858388e+000
 -6.7371731e-001  2.3817901e+000
 -6.8980672e-001  2.3477682e+000
 -6.9272402e-001  2.3532383e+000
 -6.9555061e-001  2.3551559e+000
 -6.8438433e-001  2.3822616e+000
 -6.8858081e-001  2.3707904e+000
 -6.9065922e-001  2.3872540e+000
 -6.7507809e-001  2.3816207e+000
 -6.7918941e-001  2.3487218e+000
 -6.8037090e-001  2.3506248e+000
 -3.3235823e-002  2.3516466e+000
 -2.7578970e-002  2.3776344e+000
 -3.2872748e-002  2.3068261e+000
 -3.0006228e-002  2.2182878e+000
 -2.4345556e-002  2.1096372e+000
 -1.3616377e-002  2.0179901e+000
 -2.8857774e-002  1.9133372e+000
 -1.5579489e-002  1.7586549e+000
 -2.6343393e-002  1.6124492e+000
 -1.9057404e-002  1.4732207e+000
 -3.3880044e-002  1.3728470e+000
 -2.7365011e-002  1.2427692e+000
 -1.9021937e-002  1.1332654e+000
 -2.7245831e-002  1.0465560e+000
 -3.1246782e-002  9.4485774e-001
 -1.9113792e-002  8.6880505e-001
 -3.0440493e-002  8.0308526e-001
 -3.4641606e-002  7.2542166e-001
 -1.4501733e-002  6.5258932e-001
 -3.0697541e-002  5.7752403e-001
 -2.3752132e-002  5.3075498e-001
 -2.4448391e-002  4.6375305e-001
 -2.1206103e-002  3.9880741e-001
 -2.1630020e-002  3.4915613e-001
 -2.3257175e-002  3.2045715e-001
 -1.7557716e-002  3.0094217e-001
 -3.3218990e-002  2.3617955e-001
 -2.7752434e-002  1.9525097e-001
 -2.8848941e-002  2.1438543e-001
 -1.3355663e-002  1.9841461e-001
 -2.1923546e-002  1.5215481e-001
 -3.2519951e-002  1.1497340e-001
 -1.1777205e-002  1.0525933e-001
 -1.4057043e-002  9.2822111e-002
 -3.1871932e-002  9.6381394e-002
 -1.1801117e-002  8.6394063e-002
 -1.4621849e-002  7.5437227e-002
 -2.8915517e-002  6.6087016e-002
 -1.8269841e-002  2.1928026e-002
 -2.5037343e-002 -6.7968329e-004
 -2.5782277e-002 -6.7193730e-003
 -2.1846695e-002  3.7427517e-002
 -1.6342204e-002  8.0993121e-003
 -3.2459636e-002 -4.9748473e-003
 -1.7523521e-002  4.3046961e-003
 -3.0158085e-002 -3.0573463e-002
 -3.2230554e-002 -6.4078339e-003
 -2.4648331e-002 -1.0753908e-002
 -2.5090242e-002 -2.9209292e-002
 -1.7718551e-002 -5.0102691e-002
 -3.0896330e-002 -2.9607783e-002
 -2.7499050e-002 -3.1048879e-002
 -2.3023909e-002 -2.0094917e-002
 -2.2783282e-002 -1.0485827e-002
 -1.6292686e-002 -5.1697915e-002
 -3.4032427e-002 -2.0574724e-002
 -2.3364289e-002 -6.8518691e-002
 -1.8604494e-002 -2.2171406e-002
 -2.5620880e-002 -2.7820192e-002
 -1.3452456e-002 -2.6885463e-002
 -3.3225384e-002 -6.7174706e-002
 -2.0942412e-002 -6.3942156e-002
 -1.6431619e-002 -5.7682522e-002
 -3.0767788e-002 -7.8201314e-002
 -2.7371759e-002 -6.0319025e-002
 -3.0145207e-002 -4.4040875e-002
 -1.6952452e-002 -3.5404133e-002
 -3.0470993e-002 -4.0250023e-002
 -2.0894554e-002 -4.2889582e-002
 -1.6074811e-001 -3.2879562e-002
 -1.7777515e-001 -7.9886478e-002
 -1.6554960e-001 -5.4169572e-002
 -1.6696148e-001 -6.0280354e-002
 -1.7112790e-001 -5.1409570e-002
 -1.8417438e-001 -1.0350390e-001
 -1.7150265e-001 -7.9818654e-002
 -1.6988327e-001 -1.1733221e-001
 -1.6602751e-001 -1.0877745e-001
 -1.6933003e-001 -1.1580468e-001
 -1.6289968e-001 -1.2544125e-001
 -1.6590192e-001 -1.6839162e-001
 -1.7727401e-001 -1.8301001e-001
 -1.7264445e-001 -1.5831354e-001
 -1.7961785e-001 -1.6281341e-001
 -1.8044156e-001 -2.0835955e-001
 -1.7412087e-001 -2.1735223e-001
 -1.8114237e-001 -2.3909484e-001
 -1.8404480e-001 -2.2467866e-001
 -1.6785901e-001 -2.0692168e-001
 -1.8382592e-001 -2.3542525e-001
 -1.6468211e-001 -2.3230344e-001
 -1.6654160e-001 -2.1102044e-001
 -1.8046978e-001 -2.2517745e-001
 -1.8006052e-001 -2.6237674e-001
 -1.7811557e-001 -2.4935793e-001
 -1.6748039e-001 -2.7468190e-001
 -1.6345696e-001 -2.2837652e-001
 -1.8115129e-001 -2.5892805e-001
 -1.7628634e-001 -2.7368438e-001
 -1.6427089e-001 -2.5027698e-001
 -1.6393257e-001 -2.7288495e-001
 -1.7904832e-001 -2.9449024e-001
 -1.7567214e-001 -2.5531762e-001
 -1.7294482e-001 -2.6262048e-001
 -1.6387310e-001 -2.8733468e-001
 -1.6121029e-001 -2.7747373e-001
 -1.8242504e-001 -2.6938154e-001
 -1.6627714e-001 -2.5927638e-001
 -1.6258243e-001 -3.0294138e-001
 -1.6429544e-001 -2.7003794e-001
 -1.7212209e-001 -2.5533560e-001
 -1.7400433e-001 -2.9125886e-001
 -1.6255804e-001 -2.5211351e-001
 -1.6676086e-001 -2.7819712e-001
 -1.7086199e-001 -2.5802050e-001
 -1.7604833e-001 -2.7377726e-001
 -1.6722574e-001 -2.9349828e-001
 -1.7242623e-001 -2.9149500e-001
 -1.7858048e-001 -2.9605336e-001
 -1.8353694e-001 -2.5888641e-001
 -1.6196236e-001 -2.7003803e-001
 -1.6779124e-001 -2.5668093e-001
 -1.6096199e-001 -2.8051067e-001
 -1.6041813e-001 -2.7326550e-001
 -1.7533314e-001 -2.7807864e-001
 -1.7609747e-001 -2.7800745e-001
 -1.7174327e-001 -2.9277588e-001
 -1.8241015e-001 -2.8434378e-001
 -1.6697579e-001 -2.7536364e-001
 -1.6305844e-001 -2.6326272e-001
 -1.6497237e-001 -3.1055154e-001
 -1.8312246e-001 -2.5873218e-001
 -1.6955611e-001 -2.8619182e-001
 -1.7045388e-001 -2.7923559e-001
 -1.7226833e-001 -2.6004067e-001
 -1.6065557e-001 -2.6521372e-001
 -1.8306699e-001 -2.9958030e-001
 -1.7821748e-001 -3.1227119e-001
  1.4842635e-001 -2.7307286e-001
  1.4262802e-001 -2.8602046e-001
  1.4030936e-001 -2.6202848e-001
  1.4875522e-001 -2.6640372e-001
  1.4080949e-001 -2.4080699e-001
  1.4757349e-001 -1.5543118e-001
  1.5846561e-001 -1.7189929e-001
  1.3716389e-001 -1.1031999e-001
  1.4326591e-001 -6.9194048e-002
  1.5766481e-001 -3.5101688e-002
  1.4114252e-001  1.8504667e-002
  1.3893302e-001  5.4503100e-002
  1.5248224e-001  4.9852473e-002
  1.4375184e-001  8.5375102e-002
  1.4913470e-001  1.2743234e-001
  1.5928307e-001  1.5372770e-001
  1.3889850e-001  1.5799502e-001
  1.5959018e-001  1.8353123e-001
  1.5665629e-001  2.3838004e-001
  1.5776303e-001  2.3889395e-001
  1.3838480e-001  2.5505364e-001
  1.4561986e-001  2.7769490e-001
  1.4097932e-001  2.7199092e-001
  1.4224722e-001  2.7819738e-001
  1.5406615e-001  2.9241003e-001
  1.4245661e-001  3.3820219e-001
  1.5945359e-001  3.5040149e-001
  1.4978206e-001  3.4596829e-001
  1.3884852e-001  3.2418036e-001
  1.4700685e-001  3.7203505e-001
  1.5702692e-001  3.4451919e-001
  1.5167766e-001  3.8374309e-001
  1.5718679e-001  3.8464870e-001
  1.3623402e-001  3.4607757e-001
  1.4377207e-001  3.4780277e-001
  1.4855390e-001  3.8320990e-001
  1.5398962e-001  4.0337437e-001
  1.4600412e-001  4.0626082e-001
  1.5839933e-001  3.7355393e-001
  1.5697100e-001  3.5870200e-001
  1.6005121e-001  3.7591498e-001
  1.3891990e-001  3.8210141e-001
  1.4519354e-001  3.8145220e-001
  1.3910092e-001  3.8366698e-001
  1.4578092e-001  4.1741819e-001
  1.4488030e-001  3.8891962e-001
  1.4166790e-001  4.1321545e-001
  1.3691879e-001  3.9152810e-001
  1.3663801e-001  3.9398843e-001
  1.5503146e-001  4.3050169e-001
  1.4647245e-001  4.2046279e-001
  1.5571472e-001  4.0900499e-001
  1.5860810e-001  3.8021812e-001
  1.3769840e-001  4.2705013e-001
  1.4634216e-001  3.8454441e-001
  1.4175058e-001  4.0588838e-001
  1.4052864e-001  3.9903153e-001
  1.5640636e-001  4.0148731e-001
  1.5008798e-001  4.2998918e-001
  1.4294595e-001  4.3230524e-001
  1.4453152e-001  4.1208163e-001
  1.5853450e-001  4.2089312e-001
  1.4225497e-001  4.3881291e-001
  1.3985307e-001  3.8520970e-001
  1.4002000e-001  4.2564946e-001
  1.5815809e-001  4.3582697e-001
  1.5428867e-001  3.9427015e-001
  1.5305588e-001  4.3780727e-001
  1.5971597e-001  4.1534277e-001
 -3.9983994e-001  4.2877856e-001
 -4.1726230e-001  4.1321753e-001
 -4.0467790e-001  4.0604195e-001
 -4.1166807e-001  3.7824167e-001
 -4.0887275e-001  3.8397798e-001
 -4.0002716e-001  3.7462146e-001
 -4.1736021e-001  3.0661095e-001
 -4.0849732e-001  3.0511177e-001
 -4.1074747e-001  2.8137381e-001
 -3.9770156e-001  2.5818085e-001
 -4.1838903e-001  2.6478294e-001
 -4.1129205e-001  2.2780034e-001
 -4.0185781e-001  2.0425681e-001
 -4.1448297e-001  2.0707217e-001
 -4.1132141e-001  1.6402777e-001
 -3.9802858e-001  1.8013355e-001
 -3.9774030e-001  1.4972424e-001
 -4.0640141e-001  1.6044757e-001
 -4.0437333e-001  1.5028118e-001
 -4.1483706e-001  1.1864398e-001
 -4.1383589e-001  1.3167029e-001
 -4.1706212e-001  1.3038990e-001
 -4.1322634e-001  8.8477970e-002
 -4.1334572e-001  8.0106370e-002
 -4.1519086e-001  9.4049360e-002
 -4.1850283e-001  7.4433167e-002
 -4.1925715e-001  8.2831687e-002
 -4.1301249e-001  8.8497368e-002
 -4.0530274e-001  8.7344919e-002
 -4.1845903e-001  7.0839429e-002
 -4.1649242e-001  6.6478158e-002
 -4.0793382e-001  7.3702407e-002
 -4.1777226e-001  5.5910971e-002
 -4.0761603e-001  7.5232887e-002
 -4.0080740e-001  4.4137307e-002
 -4.1091018e-001  4.4471862e-002
 -4.1950867e-001  5.1030163e-002
 -3.9988774e-001  5.8022534e-002
 -4.1228964e-001  7.0228120e-002
 -4.1248473e-001  7.5709004e-002
 -4.0423060e-001  3.7502958e-002
 -4.1298497e-001  6.1118399e-002
 -4.0398079e-001  5.1850003e-002
 -4.2093076e-001  1.7923479e-002
 -3.9893855e-001  1.8192041e-002
 -4.0743583e-001  6.0067779e-002
 -4.1530440e-001  4.4436698e-002
 -4.0214448e-001  1.9722248e-002
 -4.0046765e-001  1.8362070e-002
 -4.1075004e-001  4.7415807e-002
 -4.0286451e-001  6.7221792e-002
 -4.0880348e-001  3.3666045e-002
 -4.0102156e-001  2.8116915e-002
 -4.0847525e-001  6.8527492e-002
 -4.0935094e-001  2.2889528e-002
 -3.9874756e-001  3.4775888e-002
 -4.0595199e-001  4.4995209e-002
 -4.1882669e-001  1.5215885e-002
 -3.9938693e-001  3.9274595e-002
 -4.1887835e-001  6.1910919e-002
 -4.0004772e-001  5.4481757e-002
 -4.1704841e-001  4.9532850e-002
 -4.0509587e-001  6.4345955e-002
 -4.1652798e-001  2.1278467e-002
 -4.0849469e-001  1.8041323e-002
 -4.1272725e-001  1.7717139e-002
 -4.1597278e-001  8.5011080e-003
 -4.1064077e-001  2.9635421e-002
 -4.1339244e-001  5.2950453e-002
 -4.8446399e-001  8.0183182e-003
 -5.0123048e-001  2.0038230e-002
 -4.9270581e-001  6.1583233e-002
 -4.9494100e-001  8.4131764e-002
 -4.8029721e-001  5.8912027e-002
 -4.8042376e-001  8.0330131e-002
 -4.8910047e-001  1.3189082e-001
 -4.8589084e-001  1.5361510e-001
 -4.9726131e-001  1.7066476e-001
 -4.9688136e-001  1.8737786e-001
 -4.9500304e-001  1.8702012e-001
 -4.9962080e-001  2.1668018e-001
 -4.9915485e-001  2.2705341e-001
 -4.9105934e-001  2.4442050e-001
 -4.8086736e-001  2.7104847e-001
 -4.8324720e-001  3.0313639e-001
 -5.0309180e-001  2.9163630e-001
 -4.8290290e-001  2.9920517e-001
 -5.0238651e-001  3.6583462e-001
 -4.9358603e-001  3.6948316e-001
 -4.8793163e-001  3.3343123e-001
 -4.9123181e-001  3.9713015e-001
 -4.8586828e-001  4.0633696e-001
 -4.8798536e-001  3.6445801e-001
 -5.0253517e-001  3.6923812e-001
 -4.8489854e-001  4.1919610e-001
 -4.7979349e-001  4.0427665e-001
 -4.7947656e-001  4.0095872e-001
 -4.8909773e-001  4.2405354e-001
 -4.9061967e-001  4.0181284e-001
 -4.8426424e-001  4.0991739e-001
 -4.8838028e-001  3.9599958e-001
 -4.9522200e-001  3.9975063e-001
 -4.9400163e-001  4.5625513e-001
 -5.0232139e-001  4.6067896e-001
 -4.9060171e-001  4.2247407e-001
 -4.8817088e-001  4.3894618e-001
 -5.0168409e-001  4.1722482e-001
 -4.8599952e-001  4.5207161e-001
 -4.9419380e-001  4.2469828e-001
 -4.7975089e-001  4.6296505e-001
 -4.8967967e-001  4.7087825e-001
 -5.0066876e-001  4.6380386e-001
 -4.9042152e-001  4.7392716e-001
 -4.9507242e-001  4.5082071e-001
 -4.9533872e-001  4.3160064e-001
 -4.9753214e-001  4.6644212e-001
 -4.9035534e-001  4.8000418e-001
 -4.8759814e-001  4.6136084e-001
 -4.8817948e-001  4.7163352e-001
 -4.9506495e-001  4.3469501e-001
 -4.9756194e-001  4.8160629e-001
 -4.8974152e-001  4.6350882e-001
 -4.8242991e-001  4.4872290e-001
 -4.8856014e-001  4.4887543e-001
 -4.7991616e-001  4.7312668e-001
 -5.0064450e-001  4.4184854e-001
 -4.9916118e-001  4.7371524e-001
 -4.9960658e-001  4.6533021e-001
 -4.7942624e-001  4.8470083e-001
 -5.0081201e-001  4.2980801e-001
 -4.9432445e-001  4.6004173e-001
 -4.9721679e-001  4.3332827e-001
 -4.9251256e-001  4.6862888e-001
 -4.8368907e-001  4.3068874e-001
 -4.9077737e-001  4.6403397e-001
 -5.0146704e-001  4.7909251e-001
 -4.9568132e-001  4.3684403e-001
 -4.8007339e-001  4.6913460e-001
  5.8848805e-001  4.3134355e-001
  5.9501267e-001  4.6052974e-001
  6.0366472e-001  4.7493983e-001
  5.9238570e-001  5.0531097e-001
  5.9101142e-001  5.6453584e-001
  5.8699985e-001  6.7552327e-001
  6.0475014e-001  7.2509145e-001
  6.0522270e-001  8.2291525e-001
  6.0512935e-001  8.8448361e-001
  5.8908422e-001  9.7903460e-001
  5.8475591e-001  9.9403918e-001
  6.0408275e-001  1.0578187e+000
  5.9770102e-001  1.1455794e+000
  5.8489030e-001  1.1792903e+000
  5.9377212e-001  1.2710627e+000
  6.0026415e-001  1.3386695e+000
  5.9305778e-001  1.3886150e+000
  5.8455820e-001  1.3773933e+000
  5.8816282e-001  1.4335703e+000
  5.9706698e-001  1.4973733e+000
  5.9236713e-001  1.5037475e+000
  6.0578457e-001  1.5135499e+000
  5.8649267e-001  1.5623900e+000
  5.8699416e-001  1.6043533e+000
  6.0482645e-001  1.5994718e+000
  5.9728185e-001  1.6538145e+000
  6.0436035e-001  1.6401527e+000
  5.9121175e-001  1.7006780e+000
  5.9075067e-001  1.7016269e+000
  5.9152740e-001  1.6970561e+000
  6.0335706e-001  1.7289419e+000
  6.0061625e-001  1.7544868e+000
  5.9058191e-001  1.7475899e+000
  6.0642504e-001  1.7438251e+000
  6.0303373e-001  1.7361517e+000
  6.0210589e-001  1.7798853e+000
  5.9927773e-001  1.7902127e+000
  5.9088144e-001  1.7810489e+000
  5.8764314e-001  1.8100403e+000
  5.8271335e-001  1.8120345e+000
  5.8504443e-001  1.7643795e+000
  6.0019801e-001  1.7734599e+000
  5.8576381e-001  1.8190000e+000
  5.9940940e-001  1.7832344e+000
  5.9575636e-001  1.8272559e+000
  6.0445097e-001  1.7935624e+000
  5.8629639e-001  1.8070392e+000
  5.9457965e-001  1.7888684e+000
  5.9948619e-001  1.8111014e+000
  5.8348125e-001  1.8201371e+000
  6.0127387e-001  1.8131192e+000
  5.9027555e-001  1.7951493e+000
  5.8556264e-001  1.8319652e+000
  6.0405639e-001  1.8320412e+000
  5.8652267e-001  1.8028519e+000
  5.8682041e-001  1.8007580e+000
  5.8666134e-001  1.8265781e+000
  5.9716663e-001  1.7967604e+000
  5.9080353e-001  1.8024857e+000
  5.9403352e-001  1.8487913e+000
  5.8609649e-001  1.8244362e+000
  5.8909588e-001  1.8282087e+000
  5.8931632e-001  1.8126747e+000
  5.9044683e-001  1.8207075e+000
  5.9055918e-001  1.8415191e+000
  6.0586541e-001  1.8215819e+000
  5.9927008e-001  1.8312730e+000
  5.8926348e-001  1.8174428e+000
  5.9703740e-001  1.8363571e+000
  5.2859190e-002  1.8320626e+000
  5.3064196e-002  1.8099471e+000
  5.3346226e-002  1.8051814e+000
  3.9646501e-002  1.7143069e+000
  4.2704295e-002  1.6762321e+000
  4.3568731e-002  1.5642038e+000
  5.1769359e-002  1.4914568e+000
  5.2641172e-002  1.4165114e+000
  4.8314399e-002  1.3317744e+000
  5.7970058e-002  1.2468731e+000
  4.2822474e-002  1.1321910e+000
  3.9711699e-002  1.0379436e+000
  5.5541757e-002  9.5425414e-001
  4.6613556e-002  8.8074439e-001
  5.8848956e-002  8.1617490e-001
  5.0062868e-002  7.8236650e-001
  5.5306164e-002  7.0019820e-001
  5.5928182e-002  6.7382534e-001
  5.3521253e-002  5.8591845e-001
  5.1771313e-002  5.8762473e-001
  5.8747175e-002  5.2992440e-001
  5.8919638e-002  4.8977294e-001
  4.5398039e-002  4.3431595e-001
  5.8628465e-002  4.4079941e-001
  3.9735563e-002  3.9527481e-001
  4.8396547e-002  3.4698121e-001
  4.0467982e-002  3.2157175e-001
  5.9101604e-002  2.9727994e-001
  4.0556437e-002  3.3408883e-001
  6.0772960e-002  2.9846123e-001
  5.2343905e-002  2.7343376e-001
  5.0875697e-002  2.4344500e-001
  4.6277396e-002  2.6865924e-001
  6.2645424e-002  2.4445283e-001
  4.5741912e-002  2.5222654e-001
  5.7292597e-002  2.4294181e-001
  5.5020435e-002  2.2635809e-001
  5.7581596e-002  2.1060729e-001
  4.7537286e-002  2.1899623e-001
  4.5097014e-002  1.8818096e-001
  4.3452139e-002  2.0173278e-001
  4.5463493e-002  1.9180164e-001
  5.6156980e-002  1.5564420e-001
  6.2931298e-002  1.5085688e-001
  4.0959086e-002  1.9036324e-001
  4.2385646e-002  1.5550796e-001
  5.0031682e-002  1.8515054e-001
  4.5494266e-002  1.7672509e-001
  5.7110377e-002  1.3697903e-001
  5.3132108e-002  1.7610665e-001
  5.3483031e-002  1.3034329e-001
  5.8692553e-002  1.6798998e-001
  5.1791695e-002  1.6092841e-001
  5.4125450e-002  1.6450569e-001
  5.1102722e-002  1.3310353e-001
  5.0522891e-002  1.5225952e-001
  5.8724402e-002  1.2351714e-001
  3.9672486e-002  1.2587890e-001
  3.9660951e-002  1.1670159e-001
  4.3589359e-002  1.4944203e-001
  5.5725062e-002  1.3759686e-001
  5.8601815e-002  1.2010475e-001
  5.3607954e-002  1.6486065e-001
  4.4015968e-002  1.0721411e-001
  4.3508017e-002  1.3313221e-001
  4.6494074e-002  1.0625415e-001
  5.1339484e-002  1.4602788e-001
  3.9482020e-002  1.5389073e-001
  5.1108671e-002  1.2964810e-001
 -2.7514268e-001  1.2459367e-001
 -2.7692741e-001  1.6230945e-001
 -2.7444580e-001  1.3926815e-001
 -2.7635397e-001  1.2477722e-001
 -2.5966536e-001  8.3787196e-002
 -2.6653177e-001  7.6152105e-002
 -2.7051478e-001  5.7172559e-002
 -2.7959157e-001  1.1997788e-002
 -2.6008105e-001 -1.6575572e-002
 -2.6000017e-001 -3.1249802e-002
 -2.6264842e-001 -2.7950423e-002
 -2.6871418e-001 -5.3636274e-002
 -2.7672051e-001 -5.3109200e-002
 -2.7060489e-001 -1.1331516e-001
 -2.6733483e-001 -1.1571789e-001
 -2.7474403e-001 -1.5412529e-001
 -2.7400147e-001 -1.3174807e-001
 -2.8006083e-001 -1.7200048e-001
 -2.5913758e-001 -1.3638643e-001
 -2.7698462e-001 -1.4899487e-001
 -2.6655437e-001 -1.6572351e-001
 -2.6029884e-001 -2.0711626e-001
 -2.6479780e-001 -1.9660546e-001
 -2.7564464e-001 -2.2227151e-001
 -2.6206587e-001 -1.8883594e-001
 -2.7124493e-001 -2.2763550e-001
 -2.6241826e-001 -2.3250192e-001
 -2.7368024e-001 -2.4546102e-001
 -2.6368427e-001 -2.6175943e-001
 -2.7752526e-001 -2.5904464e-001
 -2.7159166e-001 -2.7786641e-001
 -2.6070707e-001 -2.7347405e-001
 -2.6632608e-001 -2.3241102e-001
 -2.6783537e-001 -2.7143955e-001
 -2.5673006e-001 -2.7701928e-001
 -2.6859218e-001 -2.8086573e-001
 -2.7366820e-001 -2.4769205e-001
 -2.7594052e-001 -2.7122191e-001
 -2.7557837e-001 -2.7246696e-001
 -2.7833613e-001 -2.4165940e-001
 -2.8007791e-001 -2.8543754e-001
 -2.7239501e-001 -2.5799219e-001
 -2.7400821e-001 -2.6672610e-001
 -2.7066320e-001 -3.0347874e-001
 -2.7398072e-001 -2.6629155e-001
 -2.7629563e-001 -2.5481176e-001
 -2.7239923e-001 -2.8311632e-001
 -2.6305642e-001 -2.6270377e-001
 -2.5876431e-001 -2.5799380e-001
 -2.7629743e-001 -2.8557748e-001
 -2.6833608e-001 -2.5903112e-001
 -2.5884942e-001 -2.9533341e-001
 -2.6776054e-001 -2.5295197e-001
 -2.6888115e-001 -2.6747177e-001
 -2.5867478e-001 -3.0864280e-001
 -2.5719636e-001 -2.6929020e-001
 -2.6081769e-001 -2.7640141e-001
 -2.7661352e-001 -2.8547917e-001
 -2.7786068e-001 -2.8713613e-001
 -2.5896992e-001 -3.0209487e-001
 -2.7155839e-001 -2.8595208e-001
 -2.7436642e-001 -2.9324324e-001
 -2.5705157e-001 -2.8267336e-001
 -2.7270637e-001 -3.0453112e-001
 -2.7050522e-001 -3.0391352e-001
 -2.7087461e-001 -2.8995624e-001
 -2.6763577e-001 -2.9385271e-001
 -2.7722452e-001 -3.0255343e-001
 -2.6409416e-001 -2.8637218e-001
  5.2717232e-001 -2.7337832e-001
  5.4745727e-001 -2.5854178e-001
  5.2714767e-001 -2.6369139e-001
  5.3859644e-001 -1.6540852e-001
  5.3172607e-001 -7.8816453e-002
  5.4502629e-001 -2.0337060e-002
  5.4875869e-001  9.5608967e-002
  5.2529694e-001  2.1476545e-001
  5.3585594e-001  3.0907570e-001
  5.3479428e-001  3.9202941e-001
  5.2506347e-001  5.1886660e-001
  5.4737633e-001  5.7440882e-001
  5.3660888e-001  7.0656601e-001
  5.3618051e-001  7.5891499e-001
  5.2583474e-001  8.4298249e-001
  5.4107729e-001  9.1448933e-001
  5.4208030e-001  9.7172684e-001
  5.3191297e-001  1.0443887e+000
  5.4668387e-001  1.0950596e+000
  5.4333028e-001  1.1513088e+000
  5.4169548e-001  1.2117819e+000
  5.4283722e-001  1.2342216e+000
  5.4042828e-001  1.2613553e+000
  5.3152206e-001  1.3148393e+000
  5.2686123e-001  1.3382290e+000
  5.2485036e-001  1.3827816e+000
  5.2647842e-001  1.4271312e+000
  5.4139292e-001  1.4176356e+000
  5.4429543e-001  1.4579141e+000
  5.3652430e-001  1.4946452e+000
  5.2614886e-001  1.5101698e+000
  5.3544687e-001  1.5006398e+000
  5.3191386e-001  1.5482000e+000
  5.2480878e-001  1.5563847e+000
  5.4852308e-001  1.5418736e+000
  5.4579030e-001  1.5554105e+000
  5.2822138e-001  1.5546211e+000
  5.4521217e-001  1.5938668e+000
  5.3544939e-001  1.6040313e+000
  5.4651558e-001  1.5923470e+000
  5.4705610e-001  1.6091953e+000
  5.3606740e-001  1.5759307e+000
  5.4191909e-001  1.6145184e+000
  5.2715153e-001  1.6120370e+000
  5.3714448e-001  1.5917232e+000
  5.4147459e-001  1.6337471e+000
  5.4505426e-001  1.6201178e+000
  5.4437504e-001  1.6253320e+000
  5.2823081e-001  1.6311799e+000
  5.4299876e-001  1.6280498e+000
  5.4213002e-001  1.6488210e+000
  5.4470160e-001  1.6604104e+000
  5.3056951e-001  1.6133288e+000
  5.3663509e-001  1.6152470e+000
  5.2548708e-001  1.6495058e+000
  5.4462120e-001  1.6575158e+000
  5.4409022e-001  1.6397792e+000
  5.2782783e-001  1.6319210e+000
  5.4714736e-001  1.6495570e+000
  5.4860859e-001  1.6554350e+000
  5.4598094e-001  1.6275655e+000
  5.3007335e-001  1.6246471e+000
  5.4584857e-001  1.6253121e+000
  5.4867984e-001  1.6423156e+000
  5.2893496e-001  1.6575402e+000
  5.4461448e-001  1.6601794e+000
  5.3204215e-001  1.6655736e+000
  5.4702583e-001  1.6722582e+000
  5.3140356e-001  1.6304361e+000
 -5.4650007e-001  1.6316722e+000
 -5.6457144e-001  1.6451730e+000
 -5.5978186e-001  1.6464939e+000
 -5.4555984e-001  1.5956564e+000
 -5.5788077e-001  1.5598240e+000
 -5.5384388e-001  1.5350759e+000
 -5.5940817e-001  1.4839636e+000
 -5.6099442e-001  1.4797033e+000
 -5.4346695e-001  1.4009820e+000
 -5.4553761e-001  1.3708816e+000
 -5.4225255e-001  1.3719673e+000
 -5.5978704e-001  1.3131443e+000
 -5.6227710e-001  1.2983666e+000
 -5.4600236e-001  1.2616252e+000
 -5.6187332e-001  1.2052553e+000
 -5.4411773e-001  1.1966793e+000
 -5.6273981e-001  1.1393820e+000
 -5.4992026e-001  1.1387453e+000
 -5.4119497e-001  1.1015545e+000
 -5.4705546e-001  1.0789408e+000
 -5.5731060e-001  1.1093815e+000
 -5.5941144e-001  1.0836548e+000
 -5.4401726e-001  1.0528212e+000
 -5.5202799e-001  1.0579242e+000
 -5.4492013e-001  1.0565031e+000
 -5.5859465e-001  1.0108688e+000
 -5.4586452e-001  1.0054534e+000
 -5.5999267e-001  1.0210600e+000
 -5.4432448e-001  9.6324761e-001
 -5.5859815e-001  9.8582067e-001
 -5.5471029e-001  9.7372105e-001
 -5.4359272e-001  9.5645042e-001
 -5.5793903e-001  9.7979551e-001
 -5.5243527e-001  9.6665350e-001
 -5.4229702e-001  9.3397248e-001
 -5.5099035e-001  9.4216483e-001
 -5.6472623e-001  9.6756227e-001
 -5.6049443e-001  9.3895136e-001
 -5.5060867e-001  9.5131662e-001
 -5.5057408e-001  9.4295134e-001
 -5.5811884e-001  9.2570442e-001
 -5.4908940e-001  9.5881327e-001
 -5.5601390e-001  9.2522120e-001
 -5.5077492e-001  9.2932810e-001
 -5.5272797e-001  9.5629680e-001
 -5.6290406e-001  8.9911538e-001
 -5.4516883e-001  8.9815754e-001
 -5.6348695e-001  8.9952224e-001
 -5.5856285e-001  9.2131447e-001
 -5.5093543e-001  9.1688180e-001
 -5.5623932e-001  9.2021637e-001
 -5.6441935e-001  9.2322673e-001
 -5.6422261e-001  9.2936071e-001
 -5.4444665e-001  9.2163030e-001
 -5.5917883e-001  9.2722633e-001
 -5.5394571e-001  9.1894687e-001
 -5.5725832e-001  9.1640257e-001
 -5.4841657e-001  9.2637399e-001
 -5.5904174e-001  9.2287396e-001
 -5.6016199e-001  9.0378131e-001
 -5.4697911e-001  9.3864163e-001
 -5.5844053e-001  9.2537452e-001
 -5.5403324e-001  9.2246040e-001
 -5.5404823e-001  9.2428434e-001
 -5.5694974e-001  9.3154051e-001
 -5.5927855e-001  9.0939345e-001
 -5.6478864e-001  9.3853333e-001
 -5.5935177e-001  9.2433982e-001
 -5.4132587e-001  9.2915647e-001
 -4.0432965e-001  9.1637489e-001
 -4.0137189e-001  9.4378821e-001
 -3.9479537e-001  8.7379010e-001
 -3.9753468e-001  8.6385717e-001
 -4.0218381e-001  7.9540613e-001
 -4.0071462e-001  7.8696220e-001
 -4.0704715e-001  7.4600608e-001
 -4.0198775e-001  6.7238124e-001
 -3.9042706e-001  6.0880682e-001
 -3.9881416e-001  5.9396807e-001
 -4.0397899e-001  5.0663941e-001
 -4.0176906e-001  4.8961999e-001
 -3.8644710e-001  4.7235737e-001
 -4.0271249e-001  4.2570808e-001
 -3.9691830e-001  3.8886752e-001
 -3.8519998e-001  3.4446307e-001
 -3.9165126e-001  3.0456020e-001
 -4.0044641e-001  2.7241592e-001
 -4.0684415e-001  2.6153427e-001
 -3.8821872e-001  2.0876591e-001
 -4.0220347e-001  2.0255460e-001
 -3.8317506e-001  1.9862207e-001
 -3.8479110e-001  1.8552598e-001
 -3.9209257e-001  1.6366868e-001
 -4.0574433e-001  1.3302500e-001
 -3.9637726e-001  9.5023298e-002
 -3.9160135e-001  8.4928382e-002
 -4.0681033e-001  1.1591617e-001
 -4.0022849e-001  8.6518299e-002
 -3.8861867e-001  4.8643934e-002
 -3.8570287e-001  3.9332460e-002
 -4.0578511e-001  6.1969336e-002
 -3.8483639e-001  6.2644322e-002
 -3.8742037e-001  6.3304310e-002
 -3.9118913e-001  2.8285603e-002
 -3.8797879e-001  2.4315798e-002
 -4.0520676e-001  3.4464420e-002
 -4.0480597e-001  1.3961098e-002
 -3.9419041e-001  4.6134573e-002
 -3.9918412e-001  3.5732065e-002
 -3.8952391e-001  3.7352849e-002
 -4.0600059e-001  2.6880495e-002
 -3.9528264e-001  2.3957574e-003
 -3.8952988e-001  1.1060607e-002
 -3.8422556e-001 -1.8474302e-002
 -4.0693047e-001  6.7431851e-003
 -3.8677332e-001 -7.2354549e-003
 -3.8761858e-001 -2.8403952e-002
 -3.9721008e-001 -2.4484322e-002
 -3.9741171e-001  2.3521738e-002
 -3.8678458e-001 -3.2957049e-002
 -4.0147804e-001 -1.9230120e-003
 -3.8733529e-001 -1.5029133e-002
 -4.0527357e-001  1.0196566e-004
 -3.8578809e-001 -1.5565987e-002
 -3.8850274e-001 -2.1593966e-002
 -3.9778754e-001  1.9416571e-002
 -3.9122874e-001 -1.3973347e-002
 -3.9083632e-001  1.5335976e-003
 -4.0273782e-001 -6.2718369e-005
 -4.0497023e-001 -2.0850349e-002
 -3.8521184e-001 -1.8808342e-002
 -4.0472521e-001 -2.1466941e-002
 -3.9285308e-001 -8.6110854e-003
 -3.8763652e-001 -1.0232446e-002
 -3.9555543e-001  1.5172564e-003
 -4.0418670e-001 -3.4668133e-002
 -3.9000667e-001 -1.0868523e-002
 -3.9700195e-001 -3.0439223e-002
  6.6058470e-001 -1.5108871e-002
  6.4196104e-001 -2.7763551e-002
  6.3717984e-001  4.0859943e-002
  6.5315287e-001  1.1775571e-001
  6.5971739e-001  1.6148274e-001
  6.5873564e-001  2.9430685e-001
  6.4752067e-001  3.5908462e-001
  6.4173317e-001  4.7825069e-001
  6.5781021e-001  5.7866362e-001
  6.6052019e-001  7.1874073e-001
  6.3781491e-001  8.2675799e-001
  6.5509163e-001  8.8840961e-001
  6.5223753e-001  9.9363266e-001
  6.4533112e-001  1.0792667e+000
  6.5539703e-001  1.1900582e+000
  6.4325565e-001  1.2637436e+000
  6.4766953e-001  1.3023343e+000
  6.5250468e-001  1.3645562e+000
  6.4226547e-001  1.4189466e+000
  6.4274791e-001  1.5090790e+000
  6.4960802e-001  1.5625701e+000
  6.3924648e-001  1.5832181e+000
  6.5532551e-001  1.6123917e+000
  6.5181109e-001  1.6790233e+000
  6.5971318e-001  1.7140078e+000
  6.5383052e-001  1.7354610e+000
  6.5627958e-001  1.7676310e+000
  6.5494980e-001  1.7946671e+000
  6.3885339e-001  1.8095385e+000
  6.3781569e-001  1.8066620e+000
  6.4240536e-001  1.8111214e+000
  6.4261090e-001  1.8731232e+000
  6.4043517e-001  1.8792977e+000
  6.4011778e-001  1.8677264e+000
  6.4536521e-001  1.8981060e+000
  6.5535884e-001  1.8932833e+000
  6.5280443e-001  1.8947443e+000
  6.4030097e-001  1.9205686e+000
  6.5294166e-001  1.9344583e+000
  6.4984378e-001  1.9215595e+000
  6.4559931e-001  1.9599594e+000
  6.4318854e-001  1.9500895e+000
  6.5134915e-001  1.9266876e+000
  6.4975374e-001  1.9705499e+000
  6.5752257e-001  1.9434824e+000
  6.4076617e-001  1.9598414e+000
  6.5834458e-001  1.9832745e+000
  6.4688877e-001  1.9532705e+000
  6.4982269e-001  1.9603723e+000
  6.5676179e-001  1.9554284e+000
  6.5496230e-001  1.9846325e+000
  6.3846282e-001  1.9809809e+000
  6.5390041e-001  1.9819745e+000
  6.6037985e-001  1.9619371e+000
  6.5382063e-001  1.9833228e+000
  6.5629431e-001  2.0098224e+000
  6.5996179e-001  1.9861558e+000
  6.4215503e-001  2.0027874e+000
  6.4546927e-001  1.9835293e+000
  6.4149878e-001  2.0194675e+000
  6.4952603e-001  1.9760948e+000
  6.5367986e-001  2.0109150e+000
  6.5566919e-001  2.0060726e+000
  6.5736785e-001  1.9844018e+000
  6.4747368e-001  1.9995545e+000
  6.5888948e-001  2.0014042e+000
  6.3781792e-001  2.0032352e+000
  6.5564282e-001  1.9897597e+000
  6.5373902e-001  2.0103797e+000
 -3.6619707e-001  1.9763412e+000
 -3.4808887e-001  2.0268573e+000
 -3.6134501e-001  1.9298006e+000
 -3.6658138e-001  1.9059975e+000
 -3.5098857e-001  1.8038817e+000
 -3.6058357e-001  1.6668492e+000
 -3.4741226e-001  1.5613816e+000
 -3.5120201e-001  1.4761937e+000
 -3.5127077e-001  1.3223913e+000
 -3.4808949e-001  1.2161955e+000
 -3.5226279e-001  1.1332583e+000
 -3.5506648e-001  1.0300235e+000
 -3.4496104e-001  9.1944570e-001
 -3.6672767e-001  8.0486402e-001
 -3.4971880e-001  7.1894201e-001
 -3.5583345e-001  6.9711005e-001
 -3.5587166e-001  6.1422817e-001
 -3.5995134e-001  5.5594298e-001
 -3.5228236e-001  4.6432942e-001
 -3.5365311e-001  3.8659724e-001
 -3.4691086e-001  3.7201884e-001
 -3.5613892e-001  3.1187099e-001
 -3.5016386e-001  2.4306252e-001
 -3.4406462e-001  2.1008180e-001
 -3.4983392e-001  1.8852751e-001
 -3.5966579e-001  1.7301009e-001
 -3.4778466e-001  1.4013441e-001
 -3.6426312e-001  1.3386444e-001
 -3.4541009e-001  5.9818225e-002
 -3.5544317e-001  5.7518900e-002
 -3.5183614e-001  6.5044077e-002
 -3.4498243e-001  8.4394358e-004
 -3.4836157e-001  8.2572505e-003
 -3.6061512e-001 -1.8383539e-003
 -3.5463630e-001  1.7006315e-003
 -3.5351836e-001 -2.1616112e-003
 -3.4902663e-001 -5.2605019e-002
 -3.5446824e-001 -5.8449744e-002
 -3.4632268e-001 -3.7079131e-002
 -3.6078994e-001 -7.3600884e-002
 -3.4949308e-001 -5.5686444e-002
 -3.5795798e-001 -6.8907289e-002
 -3.6210162e-001 -5.8519632e-002
 -3.5049036e-001 -1.1645031e-001
 -3.4442261e-001 -9.0939356e-002
 -3.6602160e-001 -1.0779094e-001
 -3.4597117e-001 -1.2085771e-001
 -3.5068844e-001 -1.0244052e-001
 -3.4946853e-001 -1.3506833e-001
 -3.6354140e-001 -9.7725921e-002
 -3.6157283e-001 -9.0839567e-002
 -3.5691463e-001 -9.8268895e-002
 -3.4727793e-001 -1.0581317e-001
 -3.4794979e-001 -1.4737522e-001
 -3.5202334e-001 -1.4168527e-001
 -3.4519893e-001 -9.8692469e-002
 -3.6185622e-001 -1.0026134e-001
 -3.5770978e-001 -1.0462124e-001
 -3.4963126e-001 -1.3277908e-001
 -3.6091377e-001 -1.2040396e-001
 -3.5226281e-001 -1.2050251e-001
 -3.6232279e-001 -1.4985197e-001
 -3.6176668e-001 -1.3500566e-001
 -3.5972192e-001 -1.3151589e-001
 -3.6242739e-001 -1.4747250e-001
 -3.6580032e-001 -1.0843561e-001
 -3.4401503e-001 -1.5225614e-001
 -3.4662655e-001 -1.2429324e-001
 -3.4438457e-001 -1.3839144e-001
  8.9590572e-001 -1.0509831e-001
  8.9434236e-001 -1.1734382e-001
  8.7941952e-001 -6.4027582e-002
  8.8221676e-001  1.1250017e-002
  8.9547948e-001  1.7135375e-001
  8.8658367e-001  3.2301506e-001
  8.9468772e-001  4.8370039e-001
  8.8282374e-001  5.9683961e-001
  8.7988636e-001  7.8730202e-001
  8.8839399e-001  9.2062555e-001
  8.7946341e-001  1.0910824e+000
  8.9853652e-001  1.2550238e+000
  9.0085682e-001  1.3461732e+000
  8.8307313e-001  1.5107155e+000
  8.9742772e-001  1.6428349e+000
  9.0072054e-001  1.7259046e+000
  8.9644746e-001  1.8303977e+000
  8.9930261e-001  1.9372713e+000
  8.9881933e-001  2.0034607e+000
  8.8488248e-001  2.0610701e+000
  8.8908633e-001  2.1684061e+000
  8.8251218e-001  2.2350386e+000
  8.8136974e-001  2.2688905e+000
  8.8730888e-001  2.3191981e+000
  8.9157593e-001  2.4102147e+000
  8.8661358e-001  2.4345201e+000
  8.7861215e-001  2.4917545e+000
  8.9567845e-001  2.5084936e+000
  8.9523929e-001  2.5558954e+000
  8.9168974e-001  2.5938004e+000
  8.8776708e-001  2.6002503e+000
  8.7908220e-001  2.6120955e+000
  8.8968791e-001  2.6478228e+000
  8.9333944e-001  2.6738497e+000
  8.8920930e-001  2.7063875e+000
  8.9573066e-001  2.6857668e+000
  8.7982254e-001  2.7354423e+000
  8.7972481e-001  2.7118532e+000
  8.8320958e-001  2.7657679e+000
  8.9511174e-001  2.7289976e+000
  8.9029236e-001  2.7902708e+000
  8.7764781e-001  2.7695921e+000
  8.9106143e-001  2.7897599e+000
  8.9133711e-001  2.8113457e+000
  8.9033084e-001  2.8070236e+000
  8.9171643e-001  2.7963393e+000
  8.8072870e-001  2.8040522e+000
  8.7768233e-001  2.8152474e+000
  8.9632649e-001  2.8236969e+000
  8.7783073e-001  2.8216699e+000
  8.8105726e-001  2.7926167e+000
  9.0044449e-001  2.8067508e+000
  8.9258674e-001  2.8030954e+000
  8.7825360e-001  2.8086860e+000
  8.7890076e-001  2.8415645e+000
  8.8983927e-001  2.8210370e+000
  8.9194945e-001  2.8513240e+000
  8.8434269e-001  2.8593898e+000
  8.8521406e-001  2.8401630e+000
  8.9637310e-001  2.8469683e+000
  8.9587449e-001  2.8274168e+000
  8.9274340e-001  2.8618718e+000
  8.9208665e-001  2.8164311e+000
  8.8946149e-001  2.8436535e+000
  8.8513198e-001  2.8532744e+000
  8.9583896e-001  2.8349058e+000
  8.9644640e-001  2.8627498e+000
  8.8267819e-001  2.8426834e+000
  8.9931602e-001  2.8275482e+000
 -3.2092379e-001  2.8451965e+000
 -3.1637190e-001  2.8716870e+000
 -3.2112014e-001  2.8052669e+000
 -3.0508222e-001  2.6847258e+000
 -3.0870471e-001  2.5433797e+000
 -3.2835585e-001  2.3960715e+000
 -3.2542560e-001  2.2551125e+000
 -3.1000499e-001  2.0497068e+000
 -3.2267632e-001  1.9270530e+000
 -3.2560373e-001  1.7241570e+000
 -3.1127522e-001  1.5613058e+000
 -3.1427093e-001  1.4367624e+000
 -3.2554301e-001  1.2757254e+000
 -3.2072190e-001  1.1780720e+000
 -3.0592898e-001  1.0268434e+000
 -3.2871331e-001  9.2607358e-001
 -3.1087921e-001  8.4646118e-001
 -3.2797039e-001  7.2239216e-001
 -3.1199475e-001  6.1624342e-001
 -3.1177605e-001  5.7657815e-001
 -3.1588395e-001  5.0266791e-001
 -3.1022014e-001  4.3363869e-001
 -3.2353995e-001  3.6649290e-001
 -3.1845258e-001  2.8088234e-001
 -3.0924500e-001  2.4690624e-001
 -3.2197462e-001  2.1657607e-001
 -3.0580496e-001  1.4788514e-001
 -3.2193623e-001  1.4323957e-001
 -3.2057898e-001  1.1323022e-001
 -3.1384433e-001  4.5280023e-002
 -3.0831583e-001  8.8245812e-003
 -3.2101085e-001  2.3216010e-002
 -3.2118098e-001 -3.0362792e-002
 -3.2542060e-001 -5.4169529e-002
 -3.1252857e-001 -7.1450521e-002
 -3.2646758e-001 -4.5893181e-002
 -3.1714806e-001 -9.8391736e-002
 -3.2287566e-001 -1.1189306e-001
 -3.1215348e-001 -1.3274124e-001
 -3.0981398e-001 -1.3365964e-001
 -3.1517541e-001 -1.0293129e-001
 -3.2633904e-001 -1.2852649e-001
 -3.0831112e-001 -1.6132262e-001
 -3.2370803e-001 -1.7756379e-001
 -3.1835740e-001 -1.6817983e-001
 -3.0738950e-001 -1.4473706e-001
 -3.2847939e-001 -1.9823244e-001
 -3.1402284e-001 -1.8577346e-001
 -3.2712489e-001 -1.5840547e-001
 -3.1280000e-001 -2.0427748e-001
 -3.2307432e-001 -1.7152382e-001
 -3.0822531e-001 -2.0069464e-001
 -3.1088218e-001 -1.7378311e-001
 -3.2862961e-001 -1.7825563e-001
 -3.1197895e-001 -2.1096575e-001
 -3.0483639e-001 -1.9149623e-001
 -3.1201108e-001 -1.7991251e-001
 -3.1603185e-001 -2.1226176e-001
 -3.1856240e-001 -1.8269930e-001
 -3.2549954e-001 -2.0081369e-001
 -3.1246604e-001 -2.1009196e-001
 -3.2604259e-001 -2.2810546e-001
 -3.2345509e-001 -1.9740073e-001
 -3.2011082e-001 -1.8573508e-001
 -3.0825447e-001 -2.1871503e-001
 -3.1242293e-001 -2.2382187e-001
 -3.1749392e-001 -2.2779541e-001
 -3.1842328e-001 -2.3119541e-001
 -3.2853762e-001 -2.4194511e-001
 -7.5647348e-001 -2.1588120e-001
 -7.4991267e-001 -2.4321908e-001
 -7.4942205e-001 -1.2697592e-001
 -7.4112456e-001 -1.5791903e-002
 -7.5707416e-001  1.2381188e-001
 -7.6195224e-001  3.4348544e-001
 -7.4853698e-001  5.0041741e-001
 -7.6146017e-001  7.0975135e-001
 -7.4347690e-001  8.8239601e-001
 -7.6339562e-001  1.0784926e+000
 -7.4814761e-001  1.2802534e+000
 -7.5351493e-001  1.4852340e+000
 -7.5797792e-001  1.6115663e+000
 -7.4893440e-001  1.7724619e+000
 -7.6411283e-001  1.9405134e+000
 -7.4190985e-001  2.0484089e+000
 -7.5017751e-001  2.2162266e+000
 -7.4407014e-001  2.3076848e+000
 -7.5073811e-001  2.4304112e+000
 -7.6133248e-001  2.4900801e+000
 -7.4380467e-001  2.5749555e+000
 -7.5139996e-001  2.6543419e+000
 -7.5128144e-001  2.7534470e+000
 -7.6413971e-001  2.8238505e+000
 -7.4909778e-001  2.9017582e+000
 -7.6280768e-001  2.9342738e+000
 -7.4487216e-001  2.9836457e+000
 -7.5650571e-001  3.0057370e+000
 -7.5250394e-001  3.0592211e+000
 -7.6271747e-001  3.1110001e+000
 -7.6301140e-001  3.1663002e+000
 -7.6309529e-001  3.1734298e+000
 -7.5542254e-001  3.2092732e+000
 -7.4856176e-001  3.2417549e+000
 -7.5521841e-001  3.2658187e+000
 -7.6355579e-001  3.2826351e+000
 -7.5889486e-001  3.2564641e+000
 -7.4415257e-001  3.3071936e+000
 -7.4823004e-001  3.3190009e+000
 -7.4326354e-001  3.3501908e+000
 -7.5452817e-001  3.3173657e+000
 -7.5194453e-001  3.3234379e+000
 -7.5219039e-001  3.3818591e+000
 -7.4381602e-001  3.3475958e+000
 -7.5671235e-001  3.3436020e+000
 -7.6481087e-001  3.3578149e+000
 -7.5443639e-001  3.4003107e+000
 -7.6334365e-001  3.3889950e+000
 -7.5287096e-001  3.3809256e+000
 -7.5355843e-001  3.4238332e+000
 -7.4421289e-001  3.4205738e+000
 -7.5177941e-001  3.4367574e+000
 -7.4447028e-001  3.4397018e+000
 -7.5452396e-001  3.4019713e+000
 -7.5302683e-001  3.4046977e+000
 -7.5586108e-001  3.4331766e+000
 -7.5309757e-001  3.4372893e+000
 -7.5953231e-001  3.4107936e+000
 -7.5737036e-001  3.4006547e+000
 -7.4116969e-001  3.4318165e+000
 -7.6024691e-001  3.4335934e+000
 -7.4375548e-001  3.4305710e+000
 -7.4339804e-001  3.4510872e+000
 -7.4741904e-001  3.4488548e+000
 -7.5503992e-001  3.4209455e+000
 -7.4522254e-001  3.4160629e+000
 -7.5006097e-001  3.4307638e+000
 -7.4130374e-001  3.4306278e+000
 -7.4799686e-001  3.4651920e+000
 -6.0329603e-001  3.4387236e+000
 -5.8080040e-001  3.4574211e+000
 -5.9787194e-001  3.3721174e+000
 -5.9113568e-001  3.3253351e+000
 -5.7996043e-001  3.2407773e+000
 -5.9603680e-001  3.1490070e+000
 -5.9208639e-001  3.0111829e+000
 -5.9654636e-001  2.8695779e+000
 -5.8993874e-001  2.7594921e+000
 -5.8212617e-001  2.6375718e+000
 -5.8156669e-001  2.5418863e+000
 -6.0363847e-001  2.4427640e+000
 -5.9534992e-001  2.3551133e+000
 -6.0026193e-001  2.2626228e+000
 -6.0151224e-001  2.1645579e+000
 -5.9046020e-001  2.0806821e+000
 -5.8049292e-001  2.0118489e+000
 -5.8096933e-001  1.9686605e+000
 -6.0212464e-001  1.8981762e+000
 -5.8902243e-001  1.8277735e+000
 -5.9829870e-001  1.7542885e+000
 -6.0324711e-001  1.7229130e+000
 -5.9966411e-001  1.6619340e+000
 -6.0156901e-001  1.6310563e+000
 -5.8283426e-001  1.5830334e+000
 -5.8711203e-001  1.5722896e+000
 -5.8497091e-001  1.5552822e+000
 -6.0253498e-001  1.5370310e+000
 -5.8322994e-001  1.4679299e+000
 -5.8283993e-001  1.4538698e+000
 -5.9011412e-001  1.4607481e+000
 -5.8938510e-001  1.4513834e+000
 -5.9434516e-001  1.4069227e+000
 -5.9382249e-001  1.4184755e+000
 -5.8350297e-001  1.3938417e+000
 -5.8121167e-001  1.4026573e+000
 -5.9191739e-001  1.3926531e+000
 -5.8014122e-001  1.3430297e+000
 -5.9138025e-001  1.3734702e+000
 -5.9971928e-001  1.3503478e+000
 -5.8795694e-001  1.3522068e+000
 -6.0163875e-001  1.3287268e+000
 -5.9109231e-001  1.3084508e+000
 -6.0287113e-001  1.3055402e+000
 -5.8016940e-001  1.3200130e+000
 -6.0006129e-001  1.2950017e+000
 -5.9049070e-001  1.3132991e+000
 -6.0215722e-001  1.2870855e+000
 -5.9140208e-001  1.2807706e+000
 -5.9454959e-001  1.3112472e+000
 -5.9227730e-001  1.2957850e+000
 -5.8960130e-001  1.3044781e+000
 -5.8934851e-001  1.2663336e+000
 -5.9052386e-001  1.2974083e+000
 -5.9773877e-001  1.2682989e+000
 -5.8041878e-001  1.2625871e+000
 -6.0126982e-001  1.3000274e+000
 -9.1590277e-001  1.2790616e+000
